      1          1      16.32    14.5773      12.29
      1          2      16.44    14.3319      13.63
      1          3      16.10    14.3765      13.73
      1          4      16.12    14.9077      13.02
      1          5      15.73    14.3307      12.12
      1          6      15.68    14.6229      13.72
      1          7      16.56    14.2084      12.79
      1          8      16.13    14.2906      12.63
      1          9      16.09    14.6337      11.78
      1         10      16.11    13.9337      13.13
      1         11      16.43    14.0176      12.82
      1         12      16.15    14.3217      12.82
      1         13      15.90    13.7734      12.53
      1         14      16.55    14.5068      12.50
      1         15      16.20    14.1264      13.11
      1         16      16.06    13.8097      12.15
      1         17      16.59    14.5944      12.26
      1         18      15.88    14.6759      13.23
      1         19      16.18    14.1912      13.61
      1         20      15.94    14.4644      12.68
      1         21      16.05    14.3234      13.57
      1         22      16.41    14.6382      12.05
      1         23      15.98    14.7175      11.88
      1         24      16.43    14.4124      12.00
      1         25      16.31    14.6248      12.02
      1         26      16.10    14.6539      12.58
      1         27      15.81    14.1056      12.48
      1         28      16.08    14.6219      12.74
      1         29      16.11    14.9215      12.03
      1         30      16.07    14.5334      13.45
      1         31      16.06    14.7652      12.62
      1         32      16.08    14.7891      13.45
      1         33      16.21    14.7020      13.44
      1         34      15.85    14.5030      13.46
      1         35      16.14    14.6447      12.85
      1         36      16.15    14.5654      12.44
      1         37      15.82    14.7821      12.90
      1         38      16.25    14.1592      11.48
      1         39      16.05    14.6507      12.89
      1         40      15.96    14.5434      13.58
      1         41      15.32    14.3087      13.92
      1         42      15.90    14.3180      11.94
      1         43      16.54    14.5508      13.81
      1         44      16.41    14.4769      12.36
      1         45      16.10    14.6664      12.67
      1         46      16.05    14.5340      13.58
      1         47      16.17    14.2917      11.83
      1         48      15.88    14.1872      13.07
      1         49      16.48    14.6045      11.92
      1         50      15.76    14.4229      13.93
      1         51      15.86    14.1228      12.83
      1         52      16.20    13.8319      12.56
      1         53      16.09    14.2923      12.69
      1         54      16.20    14.5838      13.29
      1         55      16.21    13.9700      10.53
      1         56      16.64    14.8672      13.29
      1         57      15.68    14.3207      13.00
      1         58      16.22    14.5647      13.43
      1         59      16.04    14.2257      11.03
      1         60      16.28    13.9837      13.78
      1         61      16.02    14.3707      11.26
      1         62      15.92    14.2158      13.85
      1         63      16.29    14.6444      13.45
      1         64      16.51    14.2112      12.53
      1         65      16.01    14.3589      12.98
      1         66      16.01    14.6751      11.93
      1         67      16.21    13.9931      12.48
      1         68      16.20    15.0113      13.49
      1         69      16.26    14.5158      13.61
      1         70      16.54    14.5131      11.79
      1         71      16.18    14.8365      12.50
      1         72      15.87    14.3994      13.75
      1         73      16.13    14.3846      12.13
      1         74      16.09    14.4274      12.28
      1         75      16.12    14.7607      12.03
      1         76      16.06    14.4889      12.34
      1         77      16.17    14.0700      12.43
      1         78      15.92    14.3944      13.16
      1         79      16.07    14.9308      13.32
      1         80      15.95    14.5731      13.19
      1         81      16.31    13.8759      12.84
      1         82      16.53    14.4442      13.03
      1         83      15.78    14.4119      12.26
      1         84      16.35    14.0090      13.52
      1         85      16.65    14.5371      13.53
      1         86      16.21    14.0313      13.48
      1         87      16.62    14.5064      13.16
      1         88      15.96    14.5156      13.03
      1         89      16.32    14.2587      12.89
      1         90      16.08    14.5344      13.59
      1         91      16.38    14.3714      11.37
      1         92      15.95    14.1003      12.92
      1         93      15.82    14.5462      12.74
      1         94      16.55    14.3984      13.63
      1         95      16.36    14.3453      12.92
      1         96      15.93    14.2380      12.55
      1         97      16.01    14.1438      11.68
      1         98       0.00     0.0000       0.00
      1         99      16.16    14.4353      13.36
      1        100      16.14    14.5526      13.28
      1        101      16.12    14.7846      13.17
      1        102      15.85    14.3846      12.50
      1        103      16.16    14.4610      12.89
      1        104      16.25    14.3358      12.50
      1        105      15.35    14.5567      12.89
      1        106      15.95    14.3778      12.65
      1        107      15.95    14.6801      12.97
      1        108      16.02    13.9081      13.15
      1        109      16.25    14.1997      12.58
      1        110      16.14    14.4251      11.65
      1        111      15.56    14.1810      12.16
      1        112       0.00     0.0000       0.00
      1        113      15.78    14.3710      12.20
      1        114      16.16    14.8241      13.12
      1        115      16.20    14.5263      13.15
      1        116      15.91    14.0751      13.20
      1        117      15.92    15.0898      13.19
      1        118      15.99    14.7146      12.19
      1        119      16.22    14.4888      13.28
      1        120      16.37    14.2614      12.38
      1        121      14.89    14.2050      13.79
      1        122      16.35    14.4923      12.60
      1        123      16.39    14.9730      13.06
      1        124      15.88    14.7490      13.22
      1        125      16.10    14.8440      12.69
      1        126      15.91    14.2212      13.58
      1        127      16.40    13.9332      11.64
      1        128      16.24    14.3363      12.92
      1        129      16.31    14.3461      11.37
      1        130      16.34    14.6734      13.00
      1        131      16.09    14.8910      12.81
      1        132      16.24    14.4600      11.47
      1        133      15.87    14.2768      12.66
      1        134      15.91    14.3448      12.60
