      1          1      16.04    14.7539      12.29
      1          2      16.13    14.5602      13.69
      1          3      15.76    14.6111      13.80
      1          4      15.72    15.1244      12.91
      1          5       0.00     0.0000       0.00
      1          6      15.28    14.8498      13.69
      1          7       0.00     0.0000       0.00
      1          8      15.75    14.5736      12.83
      1          9      15.74    14.8596      12.03
      1         10      15.74    14.2084      13.26
      1         11      16.11    14.3703      12.98
      1         12      15.91    14.6163      13.12
      1         13       0.00     0.0000       0.00
      1         14      16.23    14.7742      12.58
      1         15      15.88    14.5378      13.26
      1         16      15.50    14.0261      12.39
      1         17      16.24    14.7187      12.24
      1         18      15.55    14.9216      13.32
      1         19      15.70    14.3882      13.67
      1         20      15.55    14.6371      12.53
      1         21      15.71    14.4926      13.56
      1         22      16.14    14.8227      12.02
      1         23      15.65    14.9753      12.07
      1         24      16.08    14.5732      11.76
      1         25      16.06    14.8133      12.18
      1         26      15.82    14.8302      12.41
      1         27      15.34    14.3238      12.55
      1         28      15.80    14.8078      12.80
      1         29      15.64    15.0922      12.01
      1         30      15.64    14.7538      13.53
      1         31      15.78    14.9316      12.64
      1         32      15.81    14.9824      13.55
      1         33       0.00     0.0000       0.00
      1         34      15.52    14.7496      13.54
      1         35      15.79    14.8618      12.91
      1         36      15.80    14.8261      12.60
      1         37      15.28    15.0311      12.91
      1         38      16.00    14.4143      12.05
      1         39      15.84    14.8115      12.89
      1         40      15.65    14.7304      13.59
      1         41       0.00     0.0000       0.00
      1         42      15.37    14.6004      12.14
      1         43       0.00     0.0000       0.00
      1         44      16.09    14.6344      12.01
      1         45      15.74    14.9123      12.85
      1         46      15.73    14.7575      13.69
      1         47       0.00     0.0000       0.00
      1         48      15.36    14.4607      13.14
      1         49       0.00     0.0000       0.00
      1         50      15.36    14.6550      13.95
      1         51       0.00     0.0000       0.00
      1         52       0.00     0.0000       0.00
      1         53      15.82    14.5779      12.93
      1         54      15.90    14.7606      13.26
      1         55      15.88    14.1730      10.96
      1         56       0.00     0.0000       0.00
      1         57      15.29    14.5630      13.15
      1         58      15.86    14.7726      13.44
      1         59      15.59    14.4292      10.90
      1         60      15.86    14.2052      13.70
      1         61      15.65    14.6312      11.54
      1         62      15.51    14.4240      13.81
      1         63      15.87    14.7700      13.46
      1         64      16.23    14.5603      12.77
      1         65      15.60    14.7162      13.11
      1         66      15.63    14.8464      12.05
      1         67      15.80    14.1911      12.17
      1         68      15.92    15.1477      13.46
      1         69       0.00     0.0000       0.00
      1         70      16.30    14.7014      11.97
      1         71      15.84    14.9964      12.39
      1         72      15.49    14.5835      13.80
      1         73      15.74    14.5820      12.26
      1         74      15.72    14.5773      12.22
      1         75      15.65    15.0007      12.22
      1         76      15.73    14.7154      12.50
      1         77      15.77    14.4905      12.64
      1         78      15.64    14.6593      13.29
      1         79      15.60    15.0462      13.34
      1         80      15.50    14.7837      13.26
      1         81      15.94    14.1886      13.01
      1         82      16.15    14.6317      13.11
      1         83      15.41    14.5999      12.32
      1         84      16.06    14.2760      13.60
      1         85      16.35    14.6747      13.48
      1         86      15.79    14.2638      13.54
      1         87      16.29    14.8159      13.33
      1         88       0.00     0.0000       0.00
      1         89      15.93    14.5594      13.00
      1         90      15.72    14.7532      13.67
      1         91      16.02    14.5254      11.25
      1         92      15.64    14.3816      12.99
      1         93      15.33    14.7152      12.76
      1         94      16.21    14.5427      13.60
      1         95       0.00     0.0000       0.00
      1         96      15.49    14.5245      12.71
      1         97      15.72    14.4173      11.99
      1         98      16.22    14.6613      13.96
      1         99      15.69    14.5637      13.25
      1        100       0.00     0.0000       0.00
      1        101      15.81    15.0824      13.30
      1        102      15.39    14.6659      12.69
      1        103      15.73    14.6342      12.94
      1        104      15.93    14.6446      12.72
      1        105      14.81    14.6749      12.87
      1        106      15.50    14.5541      12.75
      1        107      15.47    14.8464      13.03
      1        108      15.64    14.3058      13.29
      1        109      15.85    14.4896      12.68
      1        110      15.80    14.6465      11.90
      1        111      15.15    14.4844      12.27
      1        112      15.86    14.8003      12.03
      1        113      15.23    14.6540      12.42
      1        114      15.86    15.0348      13.23
      1        115       0.00     0.0000       0.00
      1        116      15.47    14.3008      13.20
      1        117      15.57    15.2328      13.20
      1        118       0.00     0.0000       0.00
      1        119      15.94    14.6513      13.20
      1        120      16.15    14.4710      12.64
      1        121      14.24    14.4435      13.84
      1        122      16.07    14.7013      12.61
      1        123      15.94    15.2184      13.18
      1        124       0.00     0.0000       0.00
      1        125      15.74    15.0417      12.69
      1        126       0.00     0.0000       0.00
      1        127       0.00     0.0000       0.00
      1        128      15.98    14.5275      13.02
      1        129      16.05    14.5283      11.20
      1        130      16.05    14.9104      13.05
      1        131      15.75    15.0573      12.89
      1        132      15.90    14.7326      11.76
      1        133      15.52    14.5143      12.78
