     45          1      21.97    20.9515      12.25
     45          2      22.55    20.9609      10.27
     45          3      23.18    21.1939      12.15
     45          4      23.05    21.1198      10.69
     45          5      22.74    21.3095      11.00
     45          6      22.70    21.1769      11.91
     45          7      22.81    20.9346      10.16
     45          8      22.53    20.8299      11.39
     45          9      23.12    21.2476      10.25
     45         10      22.41    21.0658      12.26
