     40          1      21.04    19.7478      10.95
     40          2      21.07    19.7718      11.79
     40          3      21.20    19.6847      11.77
     40          4      20.83    19.4857      11.78
     40          5      21.13    19.6272      11.17
     40          6      21.13    19.5480      10.77
     40          7      20.81    19.7648      11.22
     40          8      21.23    19.1419       9.85
     40          9      21.03    19.6332      11.21
     40         10      20.94    19.5262      11.90
