     25          1      16.32    14.5773      10.63
     25          2      16.44    14.3319      11.97
     25          3      16.10    14.3765      12.07
     25          4      16.12    14.9078      11.35
     25          5      15.73    14.3307      10.47
     25          6      15.68    14.6229      12.04
     25          7      16.56    14.2085      11.13
     25          8      16.13    14.2906      10.96
     25          9      16.09    14.6337      10.11
     25         10      16.11    13.9338      11.47
