     30          1      18.09    15.6786      11.15
     30          2      17.81    15.9826      11.16
     30          3      17.57    15.4343      10.86
     30          4      18.21    16.1677      10.83
     30          5      17.86    15.7873      11.44
     30          6      17.72    15.4706      10.49
     30          7      18.25    16.2553      10.60
     30          8      17.54    16.3369      11.56
     30          9      17.84    15.8522      11.95
     30         10      17.60    16.1254      11.01
