     40          1      21.04    23.7931      11.07
     40          2      21.07    23.9480      11.86
     40          3      21.20    23.9175      11.84
     40          4      20.83    23.9273      11.86
     40          5      21.13    23.9427      11.27
     40          6      21.13    23.9770      10.92
     40          7      20.81    24.0413      11.31
     40          8      21.23    23.9780      10.10
     40          9      21.04    23.7629      11.32
     40         10      20.94    23.8596      11.97
