     45          1      21.97    25.5400      12.30
     45          2      22.55    25.5789      10.43
     45          3      23.18    25.7846      12.20
     45          4      23.05    25.5430      10.81
     45          5      22.74    25.6301      11.09
     45          6      22.70    25.5960      11.98
     45          7      22.81    25.6376      10.33
     45          8      22.53    25.5823      11.47
     45          9      23.12    25.6002      10.42
     45         10      22.41    25.6094      12.31
