6.068e-02  
-1.364e-01  
4.453e-01  
8.479e-01  
3.042e-01  
8.022e-01  
5.481e-02  
5.051e-01  
5.076e-01  
5.422e-01  
7.187e-02  
5.433e-01  
4.006e-01  
-7.831e-01  
-2.868e-01  
4.322e-01  
-1.525e-02  
3.432e-01  
4.909e-01  
4.871e-01  
-1.944e-01  
2.199e-01  
1.423e-01  
7.350e-01  
2.817e-01  
2.833e-01  
-3.719e-01  
4.642e-01  
1.793e-01  
6.646e-01  
3.816e-01  
1.395e-01  
5.671e-02  
2.822e-02  
5.030e-01  
2.735e-01  
5.796e-01  
8.913e-01  
4.795e-01  
4.777e-01  
7.238e-01  
5.509e-01  
-1.085e-01  
3.890e-01  
-2.638e-01  
2.157e-01  
5.273e-01  
7.499e-01  
2.193e-01  
5.392e-01  
4.251e-01  
2.165e-01  
5.620e-01  
2.668e-01  
5.519e-01  
9.815e-01  
7.725e-01  
2.712e-01  
5.775e-01  
3.445e-02  
4.660e-01  
3.403e-01  
-3.510e-01  
5.041e-01  
5.749e-01  
5.487e-01  
3.312e-01  
1.147e-01  
6.109e-01  
6.596e-02  
5.642e-01  
4.131e-01  
-1.385e-01  
-1.126e-01  
5.384e-01  
5.139e-01  
7.801e-01  
-4.230e-01  
8.576e-01  
1.821e-01  
5.270e-01  
1.125e-01  
3.016e-01  
7.384e-01  
4.772e-01  
4.630e-01  
3.804e-01  
4.139e-01  
6.660e-01  
3.627e-01  
2.471e-01  
-1.142e-01  
5.762e-01  
9.001e-02  
-9.145e-02  
3.950e-01  
7.398e-01  
3.696e-01  
2.671e-01  
6.176e-01  
5.640e-01  
2.559e-01  
-2.647e-01  
-6.059e-01  
-9.755e-01  
4.662e-01  
8.972e-01  
2.528e-01  
8.420e-02  
2.400e-01  
1.340e-01  
8.846e-01  
8.663e-01  
3.814e-01  
5.152e-01  
7.413e-01  
-1.434e-01  
2.813e-01  
1.417e-01  
6.939e-01  
4.279e-02  
6.436e-01  
4.046e-01  
3.704e-01  
4.187e-01  
4.867e-01  
6.984e-02  
8.557e-01  
-5.495e-01  
1.737e-01  
2.997e-01  
-2.865e-01  
9.517e-02  
7.248e-01  
1.817e-01  
1.104e-01  
7.354e-01  
8.978e-01  
1.814e-01  
4.418e-02  
1.878e-01  
7.875e-01  
-6.521e-02  
5.798e-01  
1.629e-01  
4.151e-01  
3.010e-01  
6.928e-01  
2.392e-01  
5.823e-01  
4.343e-01  
4.257e-01  
-1.363e-01  
4.266e-01  
4.530e-01  
8.871e-01  
1.422e-01  
6.725e-02  
5.188e-01  
6.186e-01  
5.050e-01  
-1.558e-01  
-5.562e-01  
4.212e-01  
4.057e-01  
2.135e-02  
4.312e-01  
2.148e-01  
2.080e-01  
6.541e-01  
4.891e-01  
2.485e-01  
-1.025e-01  
9.781e-01  
-1.963e-01  
4.451e-01  
4.738e-01  
2.416e-01  
5.500e-01  
1.977e-01  
-5.156e-01  
4.537e-01  
8.592e-01  
4.446e-01  
3.514e-02  
4.464e-01  
1.000e+00  
5.148e-01  
5.427e-01  
5.738e-01  
6.558e-01  
-7.695e-01  
7.590e-01  
4.302e-01  
6.176e-01  
9.251e-01  
5.842e-01  
9.256e-01  
5.437e-01  
1.792e-03  
7.341e-01  
5.860e-01  
7.563e-01  
7.056e-01  
9.432e-01  
8.338e-01  
9.888e-01  
8.677e-01  
8.671e-01  
5.165e-01  
7.592e-01  
8.269e-01  
2.594e-01  
8.145e-01  
7.773e-01  
7.262e-01  
9.867e-01  
5.652e-01  
8.111e-01  
8.009e-01  
9.654e-01  
9.650e-01  
8.933e-01  
8.405e-01  
9.719e-01  
8.169e-01  
9.012e-01  
8.457e-01  
7.217e-01  
9.958e-01  
9.693e-01  
9.274e-01  
9.473e-01  
4.392e-01  
7.356e-01  
9.446e-01  
8.734e-01  
9.194e-01  
6.105e-01  
7.275e-01  
9.104e-01  
8.992e-01  
7.962e-01  
7.072e-01  
6.537e-01  
8.287e-01  
8.983e-01  
9.180e-01  
8.893e-01  
8.441e-01  
8.784e-01  
6.212e-01  
8.030e-01  
8.496e-01  
7.892e-01  
7.619e-01  
7.704e-01  
6.896e-01  
8.908e-01  
9.650e-01  
8.346e-01  
8.588e-01  
1.000e+00  
6.236e-01  
8.191e-01  
6.158e-01  
4.242e-01  
9.378e-01  
8.778e-01  
8.208e-01  
8.287e-01  
7.493e-01  
9.396e-01  
7.003e-01  
9.780e-01  
5.293e-01  
7.863e-01  
5.954e-01  
6.502e-01  
7.874e-01  
9.460e-01  
8.866e-01  
9.132e-01  
7.004e-01  
7.878e-01  
8.165e-01  
7.319e-01  
8.263e-01  
9.120e-01  
7.948e-01  
3.551e-01  
5.501e-01  
8.730e-01  
8.388e-01  
8.838e-01  
9.428e-01  
6.532e-01  
7.593e-01  
8.392e-01  
5.528e-01  
4.621e-01  
8.347e-01  
9.001e-01  
6.171e-01  
9.341e-01  
9.195e-01  
5.497e-01  
7.149e-01  
9.353e-01  
8.630e-01  
8.608e-01  
7.085e-01  
5.194e-01  
6.929e-01  
9.508e-01  
8.324e-01  
4.623e-01  
5.634e-01  
7.770e-01  
9.352e-01  
7.514e-01  
1.000e+00  
7.992e-01  
8.419e-01  
7.260e-01  
6.444e-01  
6.768e-01  
7.953e-01  
8.226e-01  
6.728e-01  
7.045e-01  
8.874e-01  
9.524e-01  
5.133e-01  
8.178e-01  
6.496e-01  
9.956e-01  
8.924e-01  
7.962e-01  
5.652e-01  
9.035e-01  
9.358e-01  
6.807e-01  
8.281e-01  
7.351e-01  
8.459e-01  
8.824e-01  
4.232e-01  
8.656e-01  
8.421e-01  
9.858e-01  
7.674e-01  
8.731e-01  
8.933e-01  
7.408e-01  
7.392e-01  
6.788e-01  
4.390e-01  
8.901e-01  
5.669e-01  
8.274e-01  
9.192e-01  
9.327e-01  
8.923e-01  
6.320e-01  
7.895e-01  
7.858e-01  
6.077e-01  
8.358e-01  
4.916e-01  
7.151e-01  
9.190e-01  
5.768e-01  
7.282e-01  
9.641e-01  
6.767e-01  
7.244e-01  
8.117e-01  
8.578e-01  
8.449e-01  
8.188e-01  
9.224e-01  
9.475e-01  
9.243e-01  
7.598e-01  
9.729e-01  
8.328e-01  
8.515e-01  
7.911e-01  
7.408e-01  
9.059e-01  
5.828e-01  
6.201e-01  
5.205e-01  
8.099e-01  
9.100e-01  
9.593e-01  
9.669e-01  
9.752e-01  
9.526e-01  
