7.159e-01  
7.666e-01  
2.282e-01  
4.434e-01  
9.949e-01  
8.559e-01  
7.661e-01  
5.148e-01  
9.783e-01  
4.887e-01  
8.676e-01  
9.169e-01  
9.221e-01  
8.047e-01  
4.387e-01  
5.243e-01  
3.636e-01  
9.098e-01  
9.772e-01  
9.992e-03  
9.075e-01  
7.296e-01  
1.441e-01  
8.977e-01  
3.258e-01  
4.851e-01  
8.593e-01  
8.947e-01  
6.775e-01  
9.389e-01  
7.340e-01  
4.256e-01  
4.862e-01  
4.652e-01  
8.243e-01  
6.841e-01  
4.058e-01  
9.969e-01  
6.524e-01  
3.667e-01  
2.935e-01  
9.918e-01  
5.114e-01  
9.998e-01  
6.149e-01  
9.389e-01  
8.264e-01  
9.802e-01  
9.991e-01  
6.403e-01  
4.217e-01  
1.575e-01  
8.788e-01  
7.503e-01  
9.202e-01  
1.512e-03  
7.180e-01  
4.057e-01  
7.120e-01  
4.433e-01  
9.656e-01  
2.351e-01  
8.754e-01  
9.965e-01  
9.273e-01  
9.755e-01  
7.872e-01  
8.659e-01  
6.187e-01  
8.846e-01  
9.936e-01  
9.347e-01  
9.043e-01  
9.983e-01  
9.852e-01  
6.261e-01  
7.822e-01  
3.982e-01  
9.955e-01  
8.645e-01  
6.227e-01  
5.709e-01  
3.194e-01  
1.835e-01  
9.629e-01  
6.964e-01  
5.698e-01  
8.817e-01  
9.870e-01  
7.988e-01  
8.334e-01  
5.589e-01  
9.971e-01  
8.845e-01  
8.304e-01  
-6.701e-01  
6.742e-01  
9.890e-01  
6.946e-01  
9.014e-01  
5.031e-01  
7.956e-02  
4.021e-01  
9.152e-01  
4.656e-01  
9.594e-01  
7.324e-01  
9.311e-01  
9.999e-01  
9.875e-01  
9.173e-01  
4.258e-01  
5.843e-01  
3.348e-01  
6.598e-01  
7.857e-01  
5.994e-01  
6.328e-01  
6.710e-01  
-3.995e-02  
6.458e-01  
9.717e-01  
4.413e-01  
6.490e-01  
9.951e-01  
4.093e-01  
4.560e-01  
5.656e-02  
6.277e-01  
9.778e-01  
9.816e-01  
7.688e-01  
6.804e-01  
7.379e-01  
9.908e-01  
7.876e-01  
9.911e-01  
6.691e-01  
2.925e-01  
4.708e-01  
9.439e-01  
1.971e-01  
2.707e-01  
7.503e-01  
4.577e-01  
5.856e-01  
8.079e-01  
9.795e-01  
9.668e-01  
9.878e-01  
5.525e-01  
9.747e-01  
8.201e-01  
9.584e-01  
8.799e-01  
4.910e-01  
9.999e-01  
9.281e-01  
9.812e-01  
9.530e-01  
4.272e-01  
-1.725e-01  
9.491e-01  
1.104e-01  
7.024e-01  
9.967e-01  
-4.741e-01  
3.165e-01  
4.753e-01  
6.790e-01  
8.988e-01  
4.403e-01  
7.352e-01  
5.279e-01  
9.866e-01  
2.505e-01  
9.884e-01  
4.353e-01  
5.293e-01  
9.927e-01  
-2.287e-01  
9.752e-01  
5.054e-01  
9.231e-01  
9.951e-01  
7.170e-01  
7.492e-01  
6.959e-01  
1.284e-01  
9.755e-01  
9.908e-01  
5.623e-01  
4.870e-02  
6.487e-01  
9.717e-01  
8.307e-01  
9.699e-01  
9.991e-01  
9.943e-01  
9.938e-01  
5.297e-01  
6.520e-01  
2.686e-01  
3.103e-01  
6.337e-01  
3.524e-01  
9.863e-02  
6.784e-02  
2.815e-01  
3.880e-01  
-6.489e-02  
2.461e-01  
5.005e-01  
1.746e-01  
-5.344e-02  
-1.905e-02  
1.778e-01  
1.606e-01  
7.236e-02  
3.431e-01  
1.734e-01  
4.075e-01  
-9.956e-02  
-3.951e-01  
2.061e-01  
5.101e-02  
3.675e-02  
-6.003e-01  
1.109e-01  
2.909e-01  
-3.605e-02  
1.345e-01  
3.094e-01  
3.075e-01  
-1.034e-01  
3.203e-01  
3.624e-02  
5.588e-01  
1.599e-01  
3.182e-01  
5.567e-01  
4.146e-01  
7.478e-01  
4.866e-01  
3.432e-01  
5.481e-01  
5.347e-01  
2.242e-01  
2.699e-01  
2.838e-01  
1.866e-02  
8.758e-02  
6.943e-01  
-1.373e-01  
1.301e-01  
2.310e-01  
-2.225e-02  
-2.174e-01  
3.618e-01  
-2.380e-02  
1.782e-01  
3.119e-01  
4.767e-01  
1.004e-01  
4.081e-01  
-3.401e-01  
1.863e-01  
2.235e-01  
4.092e-01  
-1.031e-01  
-2.326e-01  
2.404e-01  
-1.886e-01  
3.971e-01  
1.466e-01  
2.608e-01  
-2.080e-02  
2.282e-01  
5.089e-03  
-2.749e-01  
1.575e-01  
1.546e-01  
7.354e-02  
-2.473e-01  
2.548e-01  
3.728e-01  
2.467e-01  
2.356e-01  
2.360e-02  
-2.344e-01  
3.077e-01  
-8.108e-02  
2.760e-01  
1.852e-01  
-1.853e-01  
3.066e-01  
3.811e-02  
-2.861e-02  
2.748e-02  
4.895e-02  
1.837e-01  
3.959e-01  
2.941e-01  
-1.036e-01  
3.076e-01  
1.268e-01  
3.112e-01  
2.841e-01  
-1.401e-01  
2.759e-01  
1.769e-01  
4.120e-01  
1.721e-01  
5.626e-01  
2.212e-01  
-7.298e-02  
-3.382e-01  
2.806e-01  
2.214e-01  
1.278e-01  
1.421e-01  
-2.765e-02  
2.561e-01  
-2.167e-01  
2.143e-01  
6.017e-02  
-1.549e-01  
1.396e-01  
1.499e-01  
-1.205e-02  
-1.094e-02  
3.660e-01  
-3.044e-02  
-9.779e-02  
-2.263e-01  
4.867e-01  
2.395e-01  
2.129e-01  
-3.354e-02  
-1.522e-01  
8.023e-02  
1.649e-01  
2.088e-01  
-1.811e-02  
1.459e-01  
-1.380e-01  
1.454e-01  
6.190e-01  
4.449e-01  
-1.440e-01  
-1.826e-01  
4.950e-01  
2.950e-01  
-9.805e-02  
-1.014e-01  
3.884e-01  
3.941e-02  
1.831e-01  
1.176e-01  
2.056e-01  
-4.628e-02  
1.763e-01  
1.718e-01  
3.900e-01  
4.098e-02  
4.945e-02  
1.415e-01  
-8.612e-03  
3.748e-01  
5.381e-02  
1.682e-01  
9.288e-02  
8.932e-02  
-1.098e-01  
3.101e-01  
-1.700e-01  
4.324e-01  
1.194e-02  
2.922e-02  
4.801e-01  
-3.714e-02  
-1.374e-02  
3.201e-01  
1.207e-01  
1.769e-01  
-1.501e-01  
2.756e-01  
2.382e-01  
-1.726e-02  
5.810e-01  
4.529e-01  
2.765e-02  
8.533e-02  
-1.159e-01  
-1.369e-01  
1.840e-01  
1.611e-01  
-9.287e-02  
-9.113e-02  
-1.194e-01  
