9.008e-01  
1.000e+00  
6.666e-01  
9.048e-01  
8.293e-01  
7.084e-01  
9.291e-01  
6.140e-01  
9.898e-01  
5.836e-01  
8.915e-01  
6.493e-01  
8.379e-01  
6.040e-01  
1.619e-01  
-2.457e-02  
8.450e-01  
-1.871e-02  
3.551e-01  
4.603e-01  
4.454e-01  
8.809e-01  
5.216e-01  
4.336e-01  
9.661e-01  
5.918e-01  
8.608e-01  
9.969e-01  
8.424e-01  
9.152e-01  
7.039e-01  
6.909e-01  
9.300e-01  
6.563e-01  
8.207e-01  
8.827e-01  
2.549e-01  
3.145e-01  
9.050e-01  
9.948e-01  
2.444e-03  
9.722e-01  
9.801e-01  
7.614e-01  
7.233e-01  
2.910e-01  
8.591e-01  
7.249e-01  
7.797e-01  
9.234e-01  
7.944e-01  
8.965e-01  
9.924e-01  
7.859e-01  
4.892e-02  
4.509e-01  
4.486e-01  
8.079e-01  
9.974e-01  
8.803e-01  
1.407e-01  
4.443e-01  
6.127e-01  
6.559e-01  
9.837e-01  
8.637e-01  
9.168e-01  
6.065e-01  
9.329e-01  
1.530e-01  
9.091e-01  
8.078e-01  
-3.718e-01  
2.765e-01  
8.897e-01  
8.805e-01  
8.255e-01  
9.931e-01  
3.408e-01  
6.595e-01  
9.197e-01  
6.737e-01  
8.131e-01  
4.351e-01  
6.119e-01  
7.685e-01  
4.283e-01  
7.653e-01  
9.853e-01  
6.884e-01  
6.582e-01  
5.640e-01  
9.618e-01  
7.810e-01  
8.721e-01  
6.843e-01  
9.940e-01  
8.748e-01  
9.986e-01  
9.999e-01  
3.107e-01  
4.582e-01  
5.384e-01  
5.586e-01  
7.379e-01  
6.574e-01  
2.415e-03  
6.806e-01  
9.541e-01  
9.441e-01  
5.621e-01  
8.090e-01  
7.855e-01  
5.176e-01  
8.593e-01  
-1.256e-01  
9.422e-01  
5.693e-01  
4.184e-01  
9.464e-01  
8.728e-01  
4.709e-01  
9.993e-01  
8.189e-01  
6.962e-01  
9.247e-01  
2.240e-01  
9.947e-01  
2.941e-01  
9.992e-01  
6.707e-01  
8.994e-01  
4.413e-01  
4.319e-01  
8.938e-01  
8.120e-01  
6.254e-01  
9.912e-01  
9.937e-01  
4.669e-01  
8.941e-01  
4.255e-01  
9.809e-01  
5.211e-01  
7.028e-01  
8.619e-01  
-4.619e-01  
9.079e-01  
8.984e-01  
9.254e-01  
8.945e-01  
7.279e-01  
4.311e-01  
8.207e-01  
8.308e-01  
8.071e-01  
2.012e-01  
6.347e-01  
6.331e-01  
9.977e-01  
8.251e-01  
-2.569e-02  
2.855e-01  
9.451e-01  
9.494e-01  
8.661e-01  
3.438e-01  
8.566e-01  
8.929e-01  
8.748e-01  
9.927e-01  
8.979e-01  
1.229e-01  
8.100e-01  
8.335e-01  
8.509e-01  
8.738e-01  
4.381e-01  
2.065e-01  
5.230e-01  
8.770e-01  
6.980e-01  
7.577e-01  
4.922e-01  
5.211e-01  
7.523e-01  
1.644e-01  
7.591e-01  
9.914e-01  
9.716e-01  
8.803e-01  
9.715e-01  
5.611e-01  
9.575e-01  
9.752e-01  
9.370e-01  
7.060e-01  
8.535e-01  
5.692e-01  
1.734e-01  
