8.706e-01  
9.987e-01  
6.257e-01  
8.763e-01  
7.883e-01  
5.041e-01  
9.068e-01  
5.007e-01  
9.802e-01  
5.164e-01  
8.323e-01  
5.664e-01  
8.073e-01  
5.520e-01  
1.052e-01  
-8.476e-02  
7.137e-01  
-1.301e-01  
2.963e-01  
4.241e-01  
4.017e-01  
8.493e-01  
4.591e-01  
3.960e-01  
9.849e-01  
5.280e-01  
8.299e-01  
9.882e-01  
8.145e-01  
8.664e-01  
6.688e-01  
6.372e-01  
8.918e-01  
5.915e-01  
7.548e-01  
8.460e-01  
1.790e-01  
2.567e-01  
8.458e-01  
9.777e-01  
-6.436e-02  
9.595e-01  
9.673e-01  
6.823e-01  
6.835e-01  
2.034e-01  
8.147e-01  
6.900e-01  
7.444e-01  
8.988e-01  
7.471e-01  
8.540e-01  
9.845e-01  
7.456e-01  
8.881e-03  
4.071e-01  
3.865e-01  
7.762e-01  
1.000e+00  
8.495e-01  
7.257e-02  
3.613e-01  
5.732e-01  
5.809e-01  
9.624e-01  
8.168e-01  
8.756e-01  
5.280e-01  
9.009e-01  
8.191e-02  
8.696e-01  
6.950e-01  
-4.252e-01  
2.230e-01  
8.626e-01  
8.418e-01  
7.927e-01  
9.986e-01  
2.519e-01  
6.116e-01  
8.838e-01  
5.828e-01  
7.526e-01  
3.902e-01  
5.441e-01  
7.287e-01  
3.639e-01  
7.106e-01  
9.621e-01  
6.156e-01  
5.937e-01  
4.907e-01  
9.368e-01  
7.323e-01  
8.356e-01  
7.665e-01  
9.853e-01  
8.406e-01  
9.829e-01  
9.932e-01  
2.414e-01  
3.801e-01  
4.953e-01  
5.130e-01  
7.026e-01  
5.617e-01  
-3.462e-02  
6.433e-01  
9.319e-01  
9.194e-01  
4.859e-01  
7.424e-01  
7.165e-01  
4.770e-01  
8.242e-01  
-1.799e-01  
9.070e-01  
4.740e-01  
3.452e-01  
9.225e-01  
8.118e-01  
4.256e-01  
9.444e-01  
7.830e-01  
6.073e-01  
9.000e-01  
1.427e-01  
9.849e-01  
2.382e-01  
9.882e-01  
6.240e-01  
8.608e-01  
3.339e-01  
3.612e-01  
8.650e-01  
7.381e-01  
5.525e-01  
9.198e-01  
9.926e-01  
4.025e-01  
8.579e-01  
3.545e-01  
9.975e-01  
4.635e-01  
5.891e-01  
7.897e-01  
-4.704e-01  
8.832e-01  
8.713e-01  
8.891e-01  
9.219e-01  
6.655e-01  
3.692e-01  
7.855e-01  
7.794e-01  
7.758e-01  
1.188e-01  
5.855e-01  
5.818e-01  
9.917e-01  
7.819e-01  
-7.424e-02  
1.647e-01  
9.054e-01  
9.746e-01  
8.083e-01  
2.957e-01  
8.241e-01  
8.601e-01  
8.354e-01  
9.697e-01  
8.663e-01  
7.721e-02  
7.533e-01  
7.724e-01  
8.242e-01  
7.741e-01  
3.251e-01  
1.058e-01  
4.596e-01  
8.415e-01  
6.545e-01  
6.999e-01  
3.736e-01  
4.727e-01  
6.973e-01  
8.435e-02  
7.219e-01  
9.970e-01  
9.844e-01  
8.544e-01  
8.673e-01  
4.813e-01  
9.408e-01  
9.850e-01  
9.170e-01  
6.718e-01  
8.231e-01  
5.116e-01  
1.151e-01  
-7.025e-01  
-7.760e-01  
-9.281e-01  
-8.704e-01  
-9.842e-01  
-8.319e-01  
-9.408e-01  
-6.269e-01  
-7.938e-01  
-6.657e-01  
-9.606e-01  
-9.788e-01  
-9.045e-01  
-9.165e-01  
-9.116e-01  
-7.902e-01  
-7.985e-01  
-9.176e-01  
-9.588e-01  
-7.550e-01  
-9.188e-01  
-8.789e-01  
-8.221e-01  
-8.162e-01  
-8.977e-01  
-9.998e-01  
-9.247e-01  
-5.082e-01  
-5.594e-01  
-7.822e-01  
-8.942e-01  
-9.049e-01  
-9.960e-01  
-9.069e-01  
-9.350e-01  
-8.537e-01  
-5.959e-01  
-9.930e-01  
-7.977e-01  
-8.153e-01  
-8.447e-01  
-6.707e-01  
-9.429e-01  
-9.827e-01  
-8.670e-01  
-6.535e-01  
-9.271e-01  
-6.253e-01  
-9.402e-01  
-7.553e-01  
-9.039e-01  
-8.543e-01  
-9.141e-01  
-4.142e-01  
-9.705e-01  
-9.914e-01  
-7.397e-01  
-7.644e-01  
-8.119e-01  
-8.762e-01  
-8.988e-01  
-6.497e-01  
-9.207e-01  
-8.964e-01  
-9.733e-01  
-8.843e-01  
-6.948e-01  
-8.504e-01  
-7.137e-01  
-8.149e-01  
-9.748e-01  
-8.672e-01  
-8.982e-01  
-9.371e-01  
-9.382e-01  
-7.173e-01  
-8.564e-01  
-8.565e-01  
-6.994e-01  
-9.171e-01  
-9.897e-01  
-9.753e-01  
-8.291e-01  
-7.744e-01  
-8.998e-01  
-9.172e-01  
-5.722e-01  
-7.591e-01  
-7.300e-01  
-8.387e-01  
-8.488e-01  
-6.574e-01  
-7.978e-01  
-5.457e-01  
-8.155e-01  
-9.501e-01  
-9.938e-01  
-8.762e-01  
-7.098e-01  
-9.267e-01  
-5.394e-01  
-8.642e-01  
-5.613e-01  
-9.475e-01  
-8.136e-01  
-9.219e-01  
-5.496e-01  
-8.168e-01  
-8.259e-01  
-6.431e-01  
-7.541e-01  
-6.669e-01  
-9.730e-01  
-8.000e-01  
-9.361e-01  
-9.348e-01  
-7.254e-01  
-7.447e-01  
-9.555e-01  
-9.551e-01  
-9.574e-01  
-1.000e+00  
-9.453e-01  
-7.208e-01  
-9.762e-01  
-8.911e-01  
-9.717e-01  
-9.694e-01  
-9.372e-01  
-7.204e-01  
-8.346e-01  
-7.242e-01  
-9.626e-01  
-7.936e-01  
-8.747e-01  
-8.682e-01  
-5.798e-01  
-9.809e-01  
-8.189e-01  
-7.491e-01  
-7.525e-01  
-7.198e-01  
-9.579e-01  
-8.095e-01  
-7.999e-01  
-7.121e-01  
-8.544e-01  
-9.608e-01  
-9.024e-01  
-9.010e-01  
-8.873e-01  
-6.673e-01  
-9.484e-01  
-7.809e-01  
-8.241e-01  
-9.890e-01  
-9.112e-01  
-8.788e-01  
-7.114e-01  
-5.738e-01  
-8.900e-01  
-8.677e-01  
-8.165e-01  
-9.651e-01  
-6.552e-01  
-9.285e-01  
-9.062e-01  
-8.944e-01  
-7.447e-01  
-9.413e-01  
-9.607e-01  
-7.582e-01  
-9.741e-01  
-8.987e-01  
-9.302e-01  
-1.000e+00  
-6.471e-01  
-9.016e-01  
-7.969e-01  
-9.546e-01  
-8.609e-01  
-8.122e-01  
-8.164e-01  
-7.123e-01  
-6.599e-01  
-6.660e-01  
-8.503e-01  
-7.822e-01  
-8.249e-01  
-8.514e-01  
-8.368e-01  
-8.656e-01  
-8.158e-01  
-8.508e-01  
-9.291e-01  
-9.411e-01  
-7.450e-01  
-6.486e-01  
-9.226e-01  
-8.313e-01  
