-2.823e-02  
-1.999e-01  
3.695e-01  
7.950e-01  
2.419e-01  
7.753e-01  
-1.313e-02  
4.135e-01  
4.274e-01  
4.749e-01  
2.194e-02  
5.043e-01  
3.360e-01  
-8.113e-01  
-3.394e-01  
3.510e-01  
-2.010e-01  
2.440e-01  
4.320e-01  
4.173e-01  
-2.805e-01  
1.473e-01  
6.372e-02  
6.896e-01  
1.852e-01  
2.205e-01  
-4.224e-01  
3.912e-01  
6.881e-02  
6.125e-01  
3.350e-01  
5.411e-02  
-3.471e-02  
-5.289e-02  
4.348e-01  
2.094e-01  
5.257e-01  
8.314e-01  
3.971e-01  
3.936e-01  
6.640e-01  
4.334e-01  
-1.883e-01  
2.428e-01  
-3.172e-01  
1.258e-01  
4.839e-01  
6.934e-01  
1.259e-01  
4.550e-01  
3.597e-01  
1.178e-01  
4.815e-01  
1.949e-01  
4.961e-01  
9.699e-01  
7.415e-01  
1.717e-01  
4.900e-01  
-3.666e-02  
4.123e-01  
2.562e-01  
-4.674e-01  
4.380e-01  
4.720e-01  
4.161e-01  
1.987e-01  
4.815e-02  
5.110e-01  
-8.502e-02  
4.403e-01  
3.426e-01  
-2.387e-01  
-1.707e-01  
4.857e-01  
4.271e-01  
7.417e-01  
-5.164e-01  
8.143e-01  
-2.353e-01  
4.586e-01  
4.338e-02  
2.053e-01  
6.968e-01  
3.815e-01  
3.598e-01  
3.350e-01  
2.903e-01  
6.049e-01  
3.027e-01  
1.870e-01  
-2.140e-01  
4.952e-01  
6.182e-04  
-2.389e-01  
3.287e-01  
6.527e-01  
2.956e-01  
2.204e-01  
4.480e-01  
3.731e-01  
1.882e-01  
-3.399e-01  
-6.468e-01  
-9.782e-01  
4.006e-01  
8.674e-01  
1.908e-01  
2.873e-03  
1.802e-01  
4.585e-02  
8.529e-01  
8.209e-01  
2.934e-01  
4.334e-01  
6.659e-01  
-2.420e-01  
1.355e-01  
1.047e-02  
6.417e-01  
-6.441e-03  
5.412e-01  
3.406e-01  
2.973e-01  
3.437e-01  
2.876e-01  
-8.111e-03  
7.931e-01  
-6.093e-01  
-4.098e-02  
1.967e-01  
-3.350e-01  
5.205e-02  
5.720e-01  
9.825e-02  
4.479e-02  
6.161e-01  
8.727e-01  
9.297e-02  
-3.788e-02  
1.071e-01  
7.459e-01  
-1.204e-01  
5.238e-01  
8.351e-02  
3.490e-01  
2.008e-01  
6.274e-01  
1.655e-01  
4.846e-01  
3.716e-01  
3.378e-01  
-2.343e-01  
3.058e-01  
3.850e-01  
8.150e-01  
4.202e-02  
-1.823e-02  
4.243e-01  
5.730e-01  
4.505e-01  
-2.760e-01  
-6.823e-01  
3.512e-01  
3.065e-01  
-6.737e-02  
3.726e-01  
1.012e-01  
1.442e-01  
5.566e-01  
4.259e-01  
1.449e-01  
-1.646e-01  
9.667e-01  
-2.539e-01  
2.717e-01  
4.038e-01  
1.463e-01  
5.038e-01  
1.166e-01  
-5.642e-01  
4.093e-01  
8.290e-01  
3.608e-01  
-6.987e-02  
3.290e-01  
9.988e-01  
4.476e-01  
4.920e-01  
5.327e-01  
6.163e-01  
-8.040e-01  
6.972e-01  
3.450e-01  
5.421e-01  
9.015e-01  
5.137e-01  
8.822e-01  
5.026e-01  
-8.858e-02  
