      1          1      16.32    15.3351      12.78
      1          2      16.44    15.3073      13.87
      1          3      16.10    15.3192      13.95
      1          4      16.12    15.7495      13.32
      1          5      15.73    15.2737      12.66
      1          6      15.68    15.5367      13.91
      1          7      16.56    15.1160      13.24
      1          8      16.13    15.3615      13.10
      1          9      16.09    15.5675      12.48
      1         10      16.11    15.0909      13.44
      1         11      16.43    15.2695      13.20
      1         12      16.15    15.3374      13.30
      1         13      15.90    15.0337      12.99
      1         14      16.55    15.5065      12.89
      1         15      16.20    15.4776      13.47
      1         16      16.06    14.9859      12.74
      1         17      16.59    15.2882      12.77
      1         18      15.88    15.6757      13.52
      1         19      16.18    15.1806      13.84
      1         20      15.94    15.2752      13.10
      1         21      16.05    15.1765      13.81
      1         22      16.41    15.4053      12.61
      1         23      15.98    15.6701      12.50
      1         24      16.43    15.2737      12.57
      1         25      16.31    15.4263      12.63
      1         26      16.10    15.3226      12.97
      1         27      15.81    15.1667      12.96
      1         28      16.08    15.4148      13.13
      1         29      16.11    15.7165      12.66
      1         30      16.07    15.5028      13.68
      1         31      16.06    15.4217      13.06
      1         32      16.08    15.5747      13.71
      1         33      16.21    15.5213      13.69
      1         34      15.85    15.4603      13.74
      1         35      16.14    15.5090      13.23
      1         36      16.15    15.5666      13.00
      1         37      15.82    15.7295      13.27
      1         38      16.25    15.2306      12.25
      1         39      16.06    15.3220      13.26
      1         40      15.96    15.3640      13.81
      1         41      15.32    15.3245      14.12
      1         42      15.90    15.3814      12.57
      1         43      16.54    15.6611      14.03
      1         44      16.41    15.2535      12.85
      1         45      16.10    15.6002      13.03
      1         46       0.00     0.0000       0.00
      1         47      16.17    15.3415      12.50
      1         48      15.88    15.2652      13.35
      1         49      16.48    15.4029      12.56
      1         50      15.76    15.3755      14.13
      1         51      15.86    15.0171      13.21
      1         52      16.20    14.8907      13.02
      1         53      16.09    15.3648      13.08
      1         54      16.20    15.4059      13.57
      1         55      16.21    15.0127      11.83
      1         56      16.64    15.5157      13.61
      1         57      15.68    15.2624      13.34
      1         58      16.22    15.4340      13.69
      1         59      16.04    15.1924      11.97
      1         60      16.28    15.0885      14.00
      1         61      16.02    15.3629      12.21
      1         62      15.92    15.1975      14.05
      1         63      16.29    15.3404      13.69
      1         64      16.51    15.4510      12.93
      1         65      16.01    15.5420      13.29
      1         66      16.01    15.4450      12.62
      1         67      16.21    15.0241      12.91
      1         68      16.20    15.6384      13.74
      1         69      16.27    15.2357      13.87
      1         70      16.55    15.3439      12.56
      1         71      16.18    15.5676      12.89
      1         72      15.87    15.2190      13.98
      1         73      16.13    15.3042      12.65
      1         74      16.09    15.1065      12.82
      1         75      16.12    15.7058      12.57
      1         76      16.06    15.4490      12.84
      1         77      16.17    15.3772      12.95
      1         78      15.92    15.3326      13.49
      1         79      16.07    15.6096      13.60
      1         80      15.95    15.4952      13.48
      1         81      16.31    15.1095      13.22
      1         82      16.53    15.3149      13.40
      1         83      15.78    15.2340      12.76
      1         84      16.35    15.1264      13.77
      1         85      16.65    15.2024      13.80
      1         86      16.21    15.0562      13.72
      1         87      16.61    15.5484      13.48
      1         88      15.96    15.4090      13.36
      1         89      16.32    15.3497      13.25
      1         90      16.08    15.4058      13.85
      1         91      16.38    15.2334      12.24
      1         92      15.95    15.2458      13.26
      1         93      15.82    15.4031      13.08
      1         94      16.55    15.2320      13.87
      1         95      16.36    15.3828      13.32
      1         96      15.93    15.3016      13.01
      1         97      16.01    15.2091      12.43
      1         98      16.52    15.3646      14.10
      1         99      16.16    15.3079      13.66
      1        100      16.14    15.6099      13.55
      1        101      16.12    15.7931      13.48
      1        102      15.85    15.4383      12.97
      1        103      16.16    15.2741      13.23
      1        104      16.25    15.4679      12.99
      1        105      15.35    15.3055      13.24
      1        106      15.95    15.2606      13.12
      1        107      15.95    15.4380      13.29
      1        108      16.02    15.2990      13.49
      1        109      16.25    15.3101      13.00
      1        110      16.14    15.3025      12.50
      1        111      15.56    15.3083      12.64
      1        112      16.19    15.5012      12.51
      1        113      15.78    15.4074      12.74
      1        114      16.16    15.6280      13.46
      1        115      16.20    15.4229      13.49
      1        116      15.91    15.0327      13.52
      1        117      15.92    15.7198      13.49
      1        118      15.99    15.6878      12.77
      1        119      16.22    15.2405      13.59
      1        120      16.38    15.1842      12.90
      1        121      14.89    15.2543      14.01
      1        122      16.35    15.3064      13.02
      1        123      16.39    15.8591      13.41
      1        124      15.88    15.3916      13.45
      1        125      16.10    15.6564      13.12
      1        126      15.92    15.1593      13.81
      1        127      16.40    15.0505      12.31
      1        128      16.24    15.2776      13.29
      1        129      16.31    15.0551      12.25
      1        130      16.34    15.5649      13.28
      1        131      16.09    15.6583      13.17
      1        132      16.24    15.5112      12.23
      1        133      15.87    15.2491      13.11
