-5.667e-01  
-2.541e-01  
-3.296e-01  
-5.882e-01  
-3.220e-01  
-8.292e-01  
-1.696e-01  
-7.121e-01  
-5.702e-01  
-7.610e-01  
-9.998e-01  
-8.719e-01  
-6.308e-01  
-7.348e-01  
-8.044e-01  
-7.411e-01  
-9.961e-01  
-2.792e-01  
-4.467e-01  
-9.521e-01  
-5.229e-01  
2.290e-01  
-6.157e-01  
-2.486e-01  
-1.874e-01  
-5.291e-01  
-9.373e-01  
-9.976e-01  
-4.626e-01  
-6.939e-01  
1.371e-01  
-7.914e-01  
-9.999e-01  
-8.740e-01  
-3.933e-01  
-9.977e-01  
-7.183e-01  
-7.682e-01  
-5.900e-01  
-4.359e-01  
-4.005e-01  
-7.992e-01  
-6.642e-01  
-1.376e-01  
-8.364e-01  
-7.139e-01  
-7.999e-01  
-1.634e-01  
-6.865e-01  
1.403e-01  
-8.373e-01  
1.889e-01  
-4.301e-01  
-9.933e-01  
-8.314e-01  
-6.319e-01  
-4.335e-01  
-3.066e-01  
-5.974e-01  
-9.089e-01  
-5.546e-01  
-6.864e-01  
-4.910e-01  
-5.262e-01  
-4.452e-01  
-7.835e-01  
-7.896e-01  
-5.407e-01  
-5.767e-01  
-6.200e-01  
-6.020e-01  
-6.968e-01  
-4.127e-01  
6.977e-02  
-7.229e-01  
-8.994e-01  
-6.661e-01  
-3.969e-01  
-9.714e-01  
-8.033e-01  
-7.797e-01  
-2.469e-01  
-4.459e-02  
-1.960e-01  
-9.715e-01  
-9.128e-01  
-8.417e-01  
-7.692e-01  
-5.437e-01  
-8.922e-01  
-9.834e-01  
-9.958e-01  
-6.781e-01  
-7.771e-01  
-5.280e-01  
-8.946e-01  
-9.911e-01  
-8.499e-01  
-2.635e-01  
-8.988e-01  
-3.446e-01  
-4.552e-01  
-4.611e-01  
-7.126e-01  
-6.283e-01  
-8.393e-01  
-2.928e-01  
-5.197e-01  
-6.311e-01  
-4.525e-01  
-9.474e-01  
-4.759e-01  
-7.937e-01  
-8.169e-01  
-7.731e-01  
-9.621e-01  
-8.259e-01  
-5.723e-01  
-9.487e-01  
-9.429e-01  
-7.678e-01  
-3.336e-01  
-8.104e-01  
-6.993e-01  
-6.433e-01  
-8.938e-01  
-5.157e-01  
-5.861e-01  
-6.993e-01  
-7.581e-01  
-9.972e-01  
1.633e-01  
-2.330e-01  
-9.263e-01  
-8.143e-01  
-9.946e-01  
-4.149e-01  
-8.417e-01  
-3.541e-01  
-6.560e-01  
-9.987e-01  
-7.133e-01  
-8.378e-01  
-9.813e-01  
-9.830e-01  
-5.765e-01  
-8.506e-01  
-5.053e-01  
-7.533e-01  
-7.034e-01  
-5.844e-01  
-8.063e-01  
-4.139e-01  
-7.025e-01  
-7.658e-01  
-7.853e-01  
-7.975e-01  
-9.228e-01  
-6.878e-01  
-6.131e-01  
-5.762e-01  
-7.819e-01  
-9.743e-01  
-8.071e-01  
-8.330e-01  
-5.166e-01  
-6.522e-01  
-4.408e-01  
-6.292e-01  
-8.326e-01  
-3.948e-01  
-9.200e-01  
-5.876e-01  
-6.497e-01  
-9.590e-01  
-6.584e-01  
-5.047e-01  
-6.353e-01  
-4.141e-01  
-9.134e-01  
-6.240e-01  
-8.645e-01  
-5.626e-01  
-8.911e-01  
-5.600e-02  
-6.429e-01  
-9.663e-01  
-3.522e-01  
-4.410e-01  
-5.041e-01  
-9.485e-01  
-1.247e-01  
-4.885e-01  
-7.486e-01  
-5.259e-01  
-4.296e-01  
-6.065e-01  
-1.572e-01  
-9.962e-01  
-9.004e-01  
7.438e-01  
6.867e-01  
7.230e-01  
9.286e-01  
6.034e-01  
7.359e-01  
5.726e-01  
5.605e-01  
7.587e-01  
8.938e-01  
6.879e-01  
8.670e-01  
9.442e-01  
8.599e-01  
5.022e-01  
9.086e-01  
9.996e-01  
9.851e-01  
7.320e-01  
8.030e-01  
9.746e-01  
7.621e-01  
8.883e-01  
9.452e-01  
5.364e-01  
6.764e-01  
8.705e-01  
8.797e-01  
6.180e-01  
6.863e-01  
6.686e-01  
7.995e-01  
9.837e-01  
6.197e-01  
7.463e-01  
9.273e-01  
9.203e-01  
8.914e-01  
4.753e-01  
8.243e-01  
8.969e-01  
8.381e-01  
7.643e-01  
8.855e-01  
8.487e-01  
6.313e-01  
5.618e-01  
7.874e-01  
6.702e-01  
9.550e-01  
6.918e-01  
8.815e-01  
8.871e-01  
9.207e-01  
7.478e-01  
7.934e-01  
6.651e-01  
9.393e-01  
7.433e-01  
8.174e-01  
9.093e-01  
9.305e-01  
7.605e-01  
7.746e-01  
9.958e-01  
6.460e-01  
5.975e-01  
6.746e-01  
8.800e-01  
8.867e-01  
8.666e-01  
9.986e-01  
8.718e-01  
8.771e-01  
9.143e-01  
8.152e-01  
8.917e-01  
9.652e-01  
9.348e-01  
7.925e-01  
8.195e-01  
9.132e-01  
9.991e-01  
8.269e-01  
5.792e-01  
8.460e-01  
9.622e-01  
9.455e-01  
6.703e-01  
7.626e-01  
4.654e-01  
7.981e-01  
7.380e-01  
7.629e-01  
9.469e-01  
4.658e-01  
8.395e-01  
8.734e-01  
8.706e-01  
9.915e-01  
9.125e-01  
9.465e-01  
9.164e-01  
6.654e-01  
9.336e-01  
8.355e-01  
7.480e-01  
8.869e-01  
9.308e-01  
6.449e-01  
7.597e-01  
7.261e-01  
8.626e-01  
8.570e-01  
8.276e-01  
8.723e-01  
8.119e-01  
9.327e-01  
8.848e-01  
8.554e-01  
9.752e-01  
7.727e-01  
9.633e-01  
6.199e-01  
7.447e-01  
8.690e-01  
9.669e-01  
6.632e-01  
7.749e-01  
6.544e-01  
4.129e-01  
9.072e-01  
6.449e-01  
8.574e-01  
8.296e-01  
6.607e-01  
7.088e-01  
6.759e-01  
7.421e-01  
6.154e-01  
9.694e-01  
8.426e-01  
9.107e-01  
7.927e-01  
7.708e-01  
9.165e-01  
9.298e-01  
8.436e-01  
7.274e-01  
9.021e-01  
8.825e-01  
8.753e-01  
8.161e-01  
9.906e-01  
9.213e-01  
8.791e-01  
8.701e-01  
8.722e-01  
5.610e-01  
7.501e-01  
9.295e-01  
8.138e-01  
7.625e-01  
9.242e-01  
8.075e-01  
8.488e-01  
8.626e-01  
7.941e-01  
9.328e-01  
9.739e-01  
9.309e-01  
6.487e-01  
8.603e-01  
8.213e-01  
9.082e-01  
9.546e-01  
7.823e-01  
8.902e-01  
9.160e-01  
9.735e-01  
8.417e-01  
8.536e-01  
8.720e-01  
8.473e-01  
9.097e-01  
8.931e-01  
7.268e-01  
8.204e-01  
4.931e-01  
5.044e-01  
8.888e-01  
7.537e-01  
7.310e-01  
9.941e-01  
9.452e-01  
3.879e-01  
9.266e-01  
7.404e-01  
8.632e-01  
7.563e-01  
