-5.765e-01  
-2.641e-01  
-3.446e-01  
-5.990e-01  
-3.401e-01  
-8.363e-01  
-1.792e-01  
-7.206e-01  
-5.843e-01  
-7.731e-01  
-9.995e-01  
-8.810e-01  
-6.426e-01  
-7.427e-01  
-8.154e-01  
-7.472e-01  
-9.950e-01  
-3.103e-01  
-4.642e-01  
-9.591e-01  
-5.378e-01  
2.173e-01  
-6.265e-01  
-2.663e-01  
-1.990e-01  
-5.523e-01  
-9.421e-01  
-9.986e-01  
-4.757e-01  
-7.119e-01  
1.276e-01  
-8.008e-01  
-9.997e-01  
-8.818e-01  
-4.124e-01  
-9.985e-01  
-7.262e-01  
-7.772e-01  
-5.987e-01  
-4.489e-01  
-4.203e-01  
-8.099e-01  
-6.756e-01  
-1.532e-01  
-8.434e-01  
-7.231e-01  
-8.074e-01  
-1.840e-01  
-6.994e-01  
1.147e-01  
-8.433e-01  
1.729e-01  
-4.457e-01  
-9.901e-01  
-8.404e-01  
-6.459e-01  
-4.774e-01  
-3.149e-01  
-6.109e-01  
-9.148e-01  
-5.669e-01  
-6.957e-01  
-5.061e-01  
-5.377e-01  
-4.585e-01  
-7.941e-01  
-8.067e-01  
-5.487e-01  
-5.918e-01  
-6.278e-01  
-6.291e-01  
-7.092e-01  
-4.384e-01  
5.214e-02  
-7.345e-01  
-9.061e-01  
-6.762e-01  
-4.148e-01  
-9.653e-01  
-8.122e-01  
-7.953e-01  
-2.616e-01  
-1.083e-01  
-2.119e-01  
-9.754e-01  
-9.355e-01  
-8.499e-01  
-7.790e-01  
-5.828e-01  
-8.990e-01  
-9.850e-01  
-9.976e-01  
-6.871e-01  
-7.853e-01  
-5.391e-01  
-8.987e-01  
-9.943e-01  
-8.556e-01  
-2.899e-01  
-9.037e-01  
-3.576e-01  
-4.720e-01  
-4.759e-01  
-7.251e-01  
-6.455e-01  
-8.457e-01  
-3.036e-01  
-5.361e-01  
-6.513e-01  
-4.682e-01  
-9.531e-01  
-4.861e-01  
-8.071e-01  
-8.288e-01  
-7.833e-01  
-9.672e-01  
-8.328e-01  
-5.840e-01  
-9.525e-01  
-9.507e-01  
-7.759e-01  
-3.491e-01  
-8.183e-01  
-7.105e-01  
-6.577e-01  
-9.004e-01  
-5.257e-01  
-5.938e-01  
-7.121e-01  
-7.667e-01  
-9.962e-01  
1.383e-01  
-2.601e-01  
-9.335e-01  
-8.241e-01  
-9.970e-01  
-4.319e-01  
-8.497e-01  
-3.626e-01  
-6.639e-01  
-9.983e-01  
-7.199e-01  
-8.476e-01  
-9.836e-01  
-9.787e-01  
-5.904e-01  
-8.605e-01  
-5.250e-01  
-7.610e-01  
-7.168e-01  
-5.974e-01  
-8.149e-01  
-4.326e-01  
-7.118e-01  
-7.752e-01  
-7.985e-01  
-8.051e-01  
-9.273e-01  
-7.008e-01  
-6.202e-01  
-5.989e-01  
-7.971e-01  
-9.782e-01  
-8.142e-01  
-8.409e-01  
-5.336e-01  
-6.585e-01  
-4.523e-01  
-6.412e-01  
-8.391e-01  
-4.419e-01  
-9.261e-01  
-6.127e-01  
-6.569e-01  
-9.610e-01  
-6.675e-01  
-5.174e-01  
-6.478e-01  
-4.244e-01  
-9.201e-01  
-6.333e-01  
-8.717e-01  
-5.794e-01  
-9.058e-01  
-7.363e-02  
-6.516e-01  
-9.691e-01  
-3.727e-01  
-4.561e-01  
-5.140e-01  
-9.519e-01  
-1.489e-01  
-5.001e-01  
-7.590e-01  
-5.648e-01  
-4.746e-01  
-6.188e-01  
-1.759e-01  
-9.974e-01  
-9.078e-01  
