-4.492e-01  
-3.491e-01  
-4.368e-01  
-1.022e-02  
-7.497e-01  
1.143e-01  
-7.006e-01  
-1.422e-01  
-1.086e-01  
-4.516e-01  
-8.760e-01  
-5.627e-01  
-4.495e-01  
-6.800e-01  
-1.091e-01  
-3.814e-01  
-5.950e-01  
-6.995e-01  
9.290e-01  
-5.676e-01  
-8.930e-01  
2.845e-01  
-4.468e-01  
-7.983e-01  
-4.844e-01  
-7.450e-01  
6.000e-01  
-3.336e-01  
-2.837e-01  
-6.851e-01  
-1.316e-01  
2.912e-01  
-2.679e-03  
-9.980e-01  
-9.105e-02  
6.384e-01  
-2.216e-01  
5.574e-02  
-5.552e-01  
3.013e-02  
-2.977e-01  
-4.813e-01  
1.036e-02  
-1.796e-01  
-1.130e-01  
-9.654e-01  
8.268e-01  
-5.402e-01  
-5.991e-01  
-6.821e-01  
-7.286e-01  
-9.882e-01  
-9.906e-01  
-6.127e-01  
5.489e-01  
-2.568e-01  
-7.033e-01  
-8.705e-01  
-7.868e-01  
5.973e-01  
4.032e-01  
-8.157e-01  
-4.891e-01  
-6.711e-01  
2.482e-01  
-5.048e-01  
-2.732e-01  
-9.296e-01  
-5.486e-01  
-9.068e-01  
1.469e-01  
-3.785e-01  
-9.674e-02  
-1.008e-01  
-2.763e-01  
-2.532e-01  
6.867e-01  
8.069e-02  
-6.888e-01  
5.185e-02  
-8.609e-01  
-1.161e-01  
-6.930e-01  
-9.744e-01  
-1.445e-01  
-3.467e-01  
-4.246e-01  
9.514e-01  
-5.464e-02  
-6.965e-01  
-4.713e-01  
-5.971e-01  
9.260e-01  
-6.822e-01  
-5.154e-01  
-4.108e-01  
-4.475e-01  
-2.984e-01  
1.189e-01  
-1.168e-01  
-7.131e-01  
-3.188e-02  
-4.852e-01  
2.584e-01  
-1.264e-01  
-9.369e-01  
-3.657e-01  
-2.329e-01  
-9.371e-01  
4.975e-01  
4.684e-01  
-8.333e-01  
-6.301e-01  
-5.987e-01  
-5.130e-01  
1.579e-01  
-7.200e-01  
6.275e-01  
-9.733e-02  
-6.942e-01  
-8.550e-01  
-6.767e-01  
5.816e-01  
-3.483e-01  
-5.762e-01  
-9.533e-02  
-2.717e-01  
-2.834e-01  
-7.703e-02  
-3.398e-01  
3.548e-01  
2.901e-01  
-2.190e-01  
-8.094e-01  
-8.795e-01  
-4.129e-01  
-5.005e-01  
-8.610e-01  
6.881e-01  
3.023e-01  
-3.400e-01  
-9.371e-01  
6.307e-01  
-2.507e-01  
-5.504e-01  
2.289e-01  
1.502e-01  
-4.118e-01  
-6.516e-01  
-1.980e-01  
-1.885e-02  
-5.509e-01  
-2.670e-01  
-1.687e-01  
-9.375e-01  
9.835e-01  
-7.080e-01  
-2.205e-01  
-6.104e-01  
-9.970e-01  
-9.931e-01  
-9.576e-01  
-1.879e-01  
-2.877e-01  
-6.156e-01  
-2.276e-01  
-5.837e-01  
1.287e-01  
-2.557e-01  
-5.314e-01  
4.563e-01  
-9.503e-01  
-4.462e-01  
4.542e-01  
9.941e-01  
-7.159e-01  
-1.275e-01  
-4.376e-01  
3.170e-01  
-6.036e-02  
-2.310e-01  
-6.223e-01  
-9.053e-01  
-9.842e-01  
-9.144e-01  
4.334e-01  
-7.860e-01  
-2.164e-01  
-8.070e-01  
-5.090e-01  
9.676e-01  
-2.974e-01  
5.089e-01  
-4.181e-01  
-3.344e-01  
3.513e-02  
2.685e-02  
3.932e-02  
-3.199e-01  
1.892e-02  
9.864e-01  
9.381e-01  
9.948e-01  
8.667e-01  
9.945e-01  
1.000e+00  
9.990e-01  
9.856e-01  
9.688e-01  
9.791e-01  
9.858e-01  
9.600e-01  
9.994e-01  
9.938e-01  
9.956e-01  
8.418e-01  
9.691e-01  
9.824e-01  
9.846e-01  
8.968e-01  
9.725e-01  
9.948e-01  
9.087e-01  
9.506e-01  
9.987e-01  
9.860e-01  
9.938e-01  
9.000e-01  
8.854e-01  
9.989e-01  
8.110e-01  
8.987e-01  
9.338e-01  
9.893e-01  
9.623e-01  
8.850e-01  
8.930e-01  
9.584e-01  
9.858e-01  
9.998e-01  
9.906e-01  
9.927e-01  
9.932e-01  
9.889e-01  
9.932e-01  
9.671e-01  
1.000e+00  
9.927e-01  
9.997e-01  
9.998e-01  
9.991e-01  
9.148e-01  
9.946e-01  
9.919e-01  
9.469e-01  
9.921e-01  
5.969e-01  
9.959e-01  
9.208e-01  
9.922e-01  
9.805e-01  
9.511e-01  
9.987e-01  
9.908e-01  
9.771e-01  
8.360e-01  
9.987e-01  
9.726e-01  
4.848e-01  
9.097e-01  
9.760e-01  
9.789e-01  
9.488e-01  
8.848e-01  
9.990e-01  
7.772e-01  
9.435e-01  
8.031e-01  
9.992e-01  
9.703e-01  
8.138e-01  
8.769e-01  
9.615e-01  
9.779e-01  
9.462e-01  
9.996e-01  
9.485e-01  
9.989e-01  
9.137e-01  
9.981e-01  
9.999e-01  
9.760e-01  
9.754e-01  
9.914e-01  
9.999e-01  
9.360e-01  
9.989e-01  
7.354e-01  
9.363e-01  
9.469e-01  
9.517e-01  
8.271e-01  
9.860e-01  
8.518e-01  
9.616e-01  
9.995e-01  
8.786e-01  
9.766e-01  
9.847e-01  
9.588e-01  
9.772e-01  
9.986e-01  
8.753e-01  
9.751e-01  
7.529e-01  
8.380e-01  
9.855e-01  
9.989e-01  
8.648e-01  
9.557e-01  
9.964e-01  
9.999e-01  
9.638e-01  
9.997e-01  
8.914e-01  
7.821e-01  
8.010e-01  
9.250e-01  
9.828e-01  
9.437e-01  
1.000e+00  
8.967e-01  
9.267e-01  
9.817e-01  
7.420e-01  
9.123e-01  
9.954e-01  
9.757e-01  
9.229e-01  
9.999e-01  
9.254e-01  
9.312e-01  
9.972e-01  
9.691e-01  
1.000e+00  
9.916e-01  
9.958e-01  
9.867e-01  
8.658e-01  
9.982e-01  
9.966e-01  
9.036e-01  
8.587e-01  
9.992e-01  
9.939e-01  
9.888e-01  
9.302e-01  
9.069e-01  
9.969e-01  
8.975e-01  
9.685e-01  
9.999e-01  
8.741e-01  
9.534e-01  
9.442e-01  
9.864e-01  
9.696e-01  
6.947e-01  
9.384e-01  
9.999e-01  
8.054e-01  
9.914e-01  
7.910e-01  
9.749e-01  
7.823e-01  
9.947e-01  
9.237e-01  
9.237e-01  
9.999e-01  
9.722e-01  
9.821e-01  
9.944e-01  
9.845e-01  
9.453e-01  
9.869e-01  
9.824e-01  
9.987e-01  
9.584e-01  
9.838e-01  
9.714e-01  
9.362e-01  
9.988e-01  
9.672e-01  
9.985e-01  
9.992e-01  
8.907e-01  
9.839e-01  
6.879e-01  
8.942e-01  
7.766e-01  
