     30          1      17.63    16.6978      12.04
     30          2      18.04    17.2045      11.65
     30          3      17.98    17.1901      12.33
     30          4      17.59    16.9667      11.26
     30          5      17.81    17.3158      11.65
     30          6      18.00    17.1437      11.49
     30          7      17.80    16.9354      11.87
     30          8      17.99    17.1248      12.13
     30          9      17.93    16.8782      11.42
     30         10      18.04    16.9187      11.42
     30         11      18.47    16.9786      11.55
     30         12      18.08    17.2735      11.72
     30         13      17.96    16.5945      11.73
     30         14      17.86    16.7667      10.95
     30         15      17.92    17.1545      12.02
     30         16      18.18    16.9864      12.20
     30         17      18.11    16.7993      11.61
     30         18      17.90    17.1290      11.51
     30         19      17.69    17.2338      11.86
     30         20      17.55    16.4822      11.92
     30         21      18.20    17.1106      11.80
     30         22      17.63    16.9164      11.77
     30         23      17.48    16.8429      11.46
     30         24      17.05    16.9975      11.51
     30         25      18.15    16.7461      11.26
     30         26      17.51    16.9892      11.33
     30         27      18.19    17.1462      11.92
     30         28      17.19    17.2421      11.33
     30         29      18.00    17.0435      11.40
     30         30      17.32    17.4178      11.78
     30         31      17.43    17.1525      11.99
     30         32      17.93    16.6260      11.90
     30         33      17.97    17.0330      11.90
     30         34      18.10    16.8869      11.44
     30         35      17.72    17.3133      11.87
     30         36      17.74    16.8594      12.40
     30         37      17.38    17.0981      11.86
     30         38      17.78    17.1979      11.29
     30         39      17.64    17.0915      11.95
     30         40      17.55    16.8885      11.50
     30         41      17.88    16.6428      11.68
     30         42      17.65    16.9049      11.83
     30         43      17.46    17.1682      11.74
     30         44      17.59    17.0374      11.49
     30         45      18.11    17.0256      11.97
     30         46      17.42    17.0494      11.79
     30         47      17.68    16.7796      11.27
     30         48      17.71    16.9826      10.71
     30         49      17.91    17.0600      10.66
     30         50      18.04    16.5746      11.32
     30         51      17.68    17.0261      11.26
     30         52      17.60    16.6614      11.66
     30         53      17.98    16.7729      11.58
     30         54      17.73    16.9154      11.96
     30         55      18.25    17.2398      12.39
     30         56      17.92    17.1831      11.06
     30         57      17.96    17.0422      12.55
     30         58      18.23    16.9599      11.51
     30         59      17.94    17.2089      11.86
     30         60      17.84    17.1078      11.72
     30         61      18.23    16.9784      10.56
     30         62      17.81    16.9677      11.50
     30         63      17.92    17.0965      11.91
     30         64      18.12    16.9460      11.36
     30         65      17.88    17.0802      10.89
     30         66      17.88    16.8673      11.09
     30         67      18.29    16.8696      12.20
     30         68      17.59    17.2331      11.58
     30         69      17.82    17.2749      11.07
     30         70      17.97    17.1331      11.75
     30         71      18.13    17.1353      12.36
     30         72      17.84    17.3158      11.59
     30         73      18.16    17.2093      11.74
     30         74      17.83    17.2772      10.91
     30         75      17.78    16.6837      11.28
     30         76      18.09    17.1008      12.44
     30         77      17.66    16.9377      12.14
     30         78      17.93    17.0991      12.07
     30         79      17.66    16.9037      11.89
     30         80      17.97    17.1791      10.93
     30         81      17.74    16.9065      10.83
     30         82      17.38    16.9913      11.72
     30         83      17.81    17.0635      10.29
     30         84      17.95    17.2703      10.72
     30         85      17.51    17.2708      11.79
     30         86      17.21    16.9894      11.70
     30         87      17.70    17.2482      11.92
     30         88      17.65    17.4350      12.36
     30         89      17.84    16.8069      11.53
     30         90      17.83    17.1335      11.29
     30         91      17.84    17.1050      11.75
     30         92      17.53    17.3826      11.69
     30         93      18.17    17.0838      11.08
     30         94      17.89    17.0428      11.90
     30         95      17.80    17.2086      11.28
     30         96      17.54    16.8654      11.37
     30         97      17.72    16.8620      11.36
     30         98      17.95    17.3343      11.27
     30         99      17.73    16.8072      11.72
     30        100      17.59    17.0128      11.99
     30        101      17.58    16.7198      11.45
     30        102      17.95    16.9893      11.93
     30        103      17.51    17.1202      11.27
     30        104      17.67    17.0829      11.40
     30        105      17.98    17.1636      12.18
     30        106      17.63    17.0813      11.83
     30        107      17.58    17.2813      11.49
     30        108      18.04    16.8263      10.86
     30        109      17.96    17.0052      12.04
     30        110      17.92    17.1693      12.13
     30        111      18.05    17.2188      11.89
     30        112      17.89    16.8995      12.05
     30        113      17.94    17.0458      11.82
     30        114      17.86    17.0595      10.85
     30        115      17.20    17.2216      12.20
     30        116      17.80    17.1429      12.07
     30        117      17.78    16.7717      10.67
     30        118      18.00    17.0013      11.83
     30        119      17.96    17.2837      11.17
     30        120      17.61    16.4923      11.29
     30        121      17.89    16.8745      11.14
     30        122      18.22    17.3876      11.27
     30        123      17.67    16.9822      11.58
     30        124      17.82    17.4605      12.16
     30        125      17.54    16.8821      12.07
     30        126      17.54    16.9694      11.73
     30        127      17.69    17.1772      11.65
     30        128      17.80    17.2509      12.07
     30        129      17.48    17.3318      11.95
     30        130      17.91    17.3621      11.68
     30        131      17.75    17.1937      11.27
     30        132      17.91    17.1136      11.52
     30        133      18.21    17.0565      12.51
     30        134      17.86    17.0038      12.11
     30        135      17.51    16.9944      12.19
     30        136      17.68    17.0931      11.74
     30        137      17.68    16.9008      11.10
     30        138      17.92    17.1253      10.81
     30        139      17.73    17.2682      11.33
     30        140      17.08    16.8931      12.47
     30        141      17.61    16.9933      12.23
     30        142      17.60    17.1085      12.07
     30        143      17.75    17.4350      11.26
     30        144      17.57    17.1101      11.94
     30        145      17.81    17.0577      10.90
     30        146      17.59    17.2484      11.73
     30        147      18.08    17.2172      11.87
     30        148      17.78    17.1879      12.26
     30        149      17.84    17.3702      11.46
     30        150      17.90    16.9605      11.65
     30        151      17.77    16.7684      12.44
     30        152      18.18    17.2279      11.92
     30        153      17.97    16.5045      11.60
     30        154      17.44    16.9053      12.59
     30        155      17.67    16.7240      11.87
     30        156      17.88    16.7948      11.33
     30        157      17.94    17.1154      11.48
     30        158      17.53    17.1949      11.76
     30        159      17.63    17.0530      11.89
     30        160      17.84    17.1719      10.82
     30        161      17.94    17.2524      11.68
     30        162      17.64    17.2840      11.20
     30        163      17.90    17.2071      11.88
     30        164      17.52    16.9180      11.98
     30        165      17.63    17.0639      11.04
     30        166      17.62    17.2398      11.05
     30        167      17.89    17.1414      11.63
     30        168      18.24    16.9694      12.03
     30        169      17.65    17.1044      11.87
     30        170      17.83    16.8030      11.18
     30        171      17.80    17.0977      11.00
     30        172      17.68    16.7895      11.57
     30        173      18.13    17.3589      11.54
     30        174      17.31    16.9772      12.06
     30        175      17.96    16.9509      12.26
     30        176      17.62    17.0624      11.17
     30        177      17.74    17.0101      12.13
     30        178      17.41    16.9405      11.11
     30        179      17.51    17.2791      11.94
     30        180      17.95    17.0005      11.77
     30        181      18.00    17.2536      12.18
     30        182      18.04    16.9848      11.09
     30        183      17.71    16.9211      11.40
     30        184      17.96    16.9559      11.23
     30        185      18.13    17.0677      10.81
     30        186      17.90    17.1628      12.50
     30        187      17.71    16.9706      11.37
     30        188      17.44    17.1443      12.15
     30        189      17.97    16.9764      11.15
     30        190      18.10    16.7319      11.81
     30        191      17.93    16.5438      12.26
     30        192      17.55    16.7760      11.61
     30        193      17.84    16.9376      12.31
     30        194      17.91    16.9595      11.42
     30        195      17.55    16.4849      12.02
     30        196      18.12    17.1733      11.84
     30        197      18.01    17.0614      11.63
     30        198      17.39    16.8690      11.36
     30        199      17.43    16.9710      12.02
     30        200      17.41    17.0568      11.85
     30        201      17.98    17.0365      10.86
     30        202      17.72    17.0024      12.06
     30        203      17.99    16.9210      11.91
     30        204      18.17    16.9603      12.01
     30        205      17.53    17.1448      11.84
     30        206      17.80    17.0038      10.89
     30        207      17.85    16.9883      12.00
     30        208      17.82    16.9478      10.95
     30        209      17.95    17.0187      11.82
     30        210      18.25    17.1158      11.15
     30        211      17.34    17.1270      12.13
     30        212      17.83    17.0344      12.11
     30        213      17.76    16.9983      12.04
     30        214      18.47    17.2524      11.76
     30        215      18.19    16.8950      11.65
     30        216      17.78    16.9086      12.26
     30        217      17.53    17.0170      11.20
     30        218      18.02    16.6641      11.02
     30        219      17.91    17.0534      11.28
     30        220      18.00    16.9308      11.99
     30        221      18.02    17.0563      11.71
     30        222      17.59    17.1511      11.10
     30        223      17.90    16.8812      12.31
     30        224      17.78    17.1948      11.60
     30        225      17.61    17.1562      11.09
     30        226      17.48    16.8094      11.55
     30        227      17.72    16.9650      11.31
     30        228      17.75    17.0149      11.75
     30        229      17.27    17.2105      11.46
     30        230      17.62    16.8523      11.02
     30        231      17.68    16.4978      11.84
     30        232      18.04    16.9526      11.39
     30        233      17.43    17.2252      11.38
     30        234      17.49    17.2404      11.63
     30        235      17.67    17.1347      11.83
     30        236      18.15    16.9147      11.80
     30        237      17.75    16.9834      11.65
     30        238      17.84    16.9146      11.06
     30        239      18.29    17.1519      12.01
     30        240      18.05    17.0331      12.47
     30        241      18.10    17.0459      11.55
     30        242      17.98    16.8167      11.60
     30        243      17.79    16.8371      11.87
     30        244      17.78    17.1192      12.17
     30        245      17.93    17.3241      11.51
     30        246      17.74    17.2417      12.38
     30        247      17.75    17.0024      11.72
     30        248      17.67    16.9980      11.86
     30        249      17.77    17.0703      11.85
     30        250      17.28    16.5160      12.04
     30        251      17.89    17.0514      11.10
     30        252      17.81    17.0838      12.02
     30        253      18.03    17.0151      12.02
     30        254      17.96    16.6674      10.90
     30        255      17.57    16.2683      10.77
     30        256      17.88    17.0395      11.43
     30        257      18.24    17.2636      11.27
     30        258      17.82    16.9253      11.13
     30        259      17.42    17.2478      11.66
     30        260      17.75    17.1083      12.05
     30        261      17.56    16.8078      12.40
     30        262      17.97    17.0586      11.43
     30        263      17.36    17.1462      11.70
     30        264      17.66    17.1813      10.92
     30        265      18.21    16.9877      11.16
     30        266      17.67    17.3739      12.02
     30        267      17.79    16.9959      11.08
     30        268      17.93    17.0553      12.04
     30        269      17.81    16.7365      11.12
     30        270      17.07    17.1410      11.96
     30        271      17.86    17.2406      11.94
     30        272      17.76    17.0888      10.98
     30        273      17.86    16.8208      12.19
     30        274      17.42    17.0419      12.00
     30        275      17.87    17.0567      12.53
     30        276      17.74    17.3451      11.17
     30        277      17.57    17.0315      12.19
     30        278      17.96    17.1305      11.43
     30        279      17.75    16.7678      12.45
     30        280      17.90    17.0266      11.59
     30        281      18.00    16.7453      11.57
     30        282      17.95    16.9636      11.93
     30        283      17.53    16.7626      11.78
     30        284      17.64    17.1065      11.07
     30        285      17.45    17.0547      12.40
     30        286      17.47    17.0244      11.74
     30        287      17.85    17.1240      11.44
     30        288      17.79    16.9034      12.03
     30        289      17.63    17.2991      11.52
     30        290      17.82    17.0816      11.20
     30        291      17.60    17.0080      11.40
     30        292      18.00    16.8712      12.01
     30        293      17.75    17.0105      10.81
     30        294      17.85    17.2618      11.39
     30        295      17.66    17.1056      11.70
     30        296      17.53    17.1102      11.23
     30        297      18.13    16.9103      12.35
     30        298      18.06    16.7744      10.90
     30        299      17.20    16.8591      11.38
     30        300      18.09    16.8169      11.58
     30        301      17.18    16.8757      12.23
     30        302      17.33    17.1038      12.30
     30        303      17.80    16.9584      11.75
     30        304      17.47    17.0702      11.56
     30        305      17.88    16.8628      11.31
     30        306      18.13    17.0285      11.77
     30        307      17.39    16.8469      12.19
     30        308      18.29    16.9951      11.04
     30        309      17.32    16.7313      11.53
     30        310      18.21    16.9849      11.27
     30        311      17.58    17.2353      11.68
     30        312      17.94    17.1820      12.54
     30        313      17.71    17.1033      11.73
     30        314      17.46    16.9745      12.00
     30        315      17.72    16.9621      11.79
     30        316      17.80    16.8614      11.19
     30        317      17.86    16.9171      12.35
     30        318      17.87    16.9543      11.80
     30        319      17.58    17.2339      11.02
     30        320      17.48    16.7489      11.23
     30        321      18.07    16.8507      11.15
     30        322      17.87    16.9841      12.24
     30        323      17.64    17.3503      12.20
     30        324      18.15    17.0644      11.72
     30        325      17.30    16.9841      11.54
     30        326      17.70    16.9468      11.84
     30        327      18.26    17.2680      11.91
     30        328      17.87    16.8344      11.80
     30        329      17.28    17.1209      12.00
     30        330      18.05    16.9411      11.85
     30        331      17.28    16.8839      11.26
     30        332      17.85    17.0188      11.76
     30        333      17.84    17.1303      10.24
     30        334      17.64    16.6267      11.87
     30        335      18.05    17.0660      11.71
     30        336      18.21    17.1552      11.84
     30        337      17.43    17.3462      11.16
     30        338      17.39    16.8972      12.03
     30        339      17.69    16.9380      11.85
     30        340      17.81    17.1587      11.57
     30        341      17.87    17.0035      11.19
     30        342      17.77    16.8165      11.55
     30        343      17.82    17.0665      11.75
     30        344      17.72    17.0740      11.06
     30        345      17.34    16.9698      11.82
     30        346      17.93    16.9839      11.72
     30        347      17.57    17.1360      12.53
     30        348      17.90    16.9514      10.83
     30        349      17.66    17.0803      12.11
     30        350      17.76    17.0603      11.09
     30        351      18.08    17.1691      10.74
     30        352      17.88    17.1160      11.59
     30        353      17.65    17.2691      11.10
     30        354      18.28    16.9334      11.45
     30        355      18.17    16.9926      11.86
     30        356      17.81    16.9468      11.54
     30        357      17.37    16.9889      11.54
     30        358      17.89    17.4045      11.98
     30        359      17.89    17.0567      11.41
     30        360      17.67    16.7003      12.12
     30        361      17.47    16.8470      11.37
     30        362      17.91    16.9654      10.84
     30        363      17.51    17.1543      11.80
     30        364      17.82    17.1037      11.91
     30        365      17.76    16.7160      11.85
     30        366      17.57    16.8785      11.54
     30        367      17.82    16.8966      11.80
     30        368      17.58    16.8004      11.61
     30        369      17.54    17.0502      12.01
     30        370      17.66    16.9170      11.70
     30        371      17.39    17.0707      11.85
     30        372      17.62    16.6804      11.27
     30        373      17.73    17.2689      11.80
     30        374      18.00    16.9808      11.78
     30        375      17.84    16.8948      12.11
     30        376      18.10    17.0677      12.04
     30        377      17.99    16.7678      11.56
     30        378      18.00    16.9465      11.76
     30        379      17.72    16.9204      11.44
     30        380      17.76    16.9582      11.42
     30        381      17.92    17.3626      11.61
     30        382      17.77    17.1289      12.36
     30        383      17.88    17.1432      11.95
     30        384      17.67    16.8549      10.32
     30        385      17.64    16.7268      11.04
     30        386      17.88    16.8227      12.31
     30        387      17.49    17.1563      11.01
     30        388      18.00    17.0187      11.98
     30        389      17.80    17.1012      11.94
     30        390      17.89    16.6978      12.02
     30        391      17.95    17.2929      12.27
     30        392      17.42    16.9574      11.10
     30        393      17.65    17.5068      11.91
     30        394      17.79    16.8523      11.95
     30        395      17.87    16.9738      11.28
     30        396      18.02    17.1334      12.43
     30        397      18.00    16.7107      11.97
     30        398      17.94    17.0604      11.86
     30        399      18.07    17.2589      11.96
     30        400      18.04    17.2245      11.77
     30        401      17.73    17.1658      12.09
     30        402      17.78    17.0484      11.44
     30        403      17.75    17.0867      11.89
     30        404      17.83    16.7866      11.94
     30        405      17.81    16.9936      10.69
     30        406      18.04    16.8972      11.90
     30        407      17.59    16.7411      11.58
     30        408      17.49    16.8690      11.19
     30        409      17.86    17.2859      11.76
     30        410      17.95    16.7382      11.24
     30        411      17.90    17.1317      11.74
     30        412      18.01    17.1870      12.25
     30        413      18.22    16.8279      11.32
     30        414      17.62    16.9080      12.13
     30        415      17.85    16.8082      12.43
     30        416      17.87    17.2038      11.95
     30        417      17.93    17.0162      11.67
     30        418      17.77    17.1457      12.19
     30        419      17.68    17.1446      10.97
     30        420      18.11    16.8799      11.67
     30        421      17.79    17.0238      12.10
     30        422      18.09    16.8115      12.18
     30        423      17.87    16.7271      11.26
     30        424      17.26    16.7287      12.41
     30        425      18.08    16.8318      11.19
     30        426      17.61    17.0421      12.62
     30        427      17.81    17.0566      11.82
     30        428      18.18    16.9712      11.57
     30        429      17.65    16.8423      11.80
     30        430      17.97    16.7127      12.10
     30        431      17.29    16.8947      11.65
     30        432      17.78    17.1919      12.18
     30        433      17.62    17.0241      11.65
     30        434      17.78    17.1259      11.69
     30        435      17.85    17.2916      10.71
     30        436      17.47    16.8938      12.48
     30        437      17.75    17.0305      11.58
     30        438      18.03    17.1214      10.72
     30        439      17.84    17.3708      12.22
     30        440      17.65    16.9588      10.98
     30        441      18.08    17.0193      10.76
     30        442      17.54    17.1147      11.80
     30        443      17.70    17.0743      11.84
     30        444      17.69    16.9457      12.48
     30        445      17.61    16.8299      11.72
     30        446      17.56    17.2840      11.94
     30        447      18.05    17.1698      11.83
     30        448      17.98    17.1717      11.44
     30        449      17.71    16.8605      12.06
     30        450      18.00    17.2778      11.58
     30        451      18.30    16.6417      12.07
     30        452      17.62    17.2199      11.26
     30        453      17.69    17.0749      11.75
     30        454      17.81    17.3384      11.92
     30        455      17.68    17.1995      11.20
     30        456      17.71    17.0144      11.78
     30        457      17.95    17.0366      11.51
     30        458      17.72    16.8729      11.63
     30        459      17.71    17.3542      11.60
     30        460      17.73    17.2259      11.15
     30        461      17.36    17.0244      11.42
     30        462      17.75    17.0564      11.44
     30        463      17.86    17.1675      10.55
     30        464      18.27    16.8614      11.97
     30        465      17.50    16.9631      12.21
     30        466      18.05    17.0006      11.81
     30        467      17.94    17.2913      12.09
     30        468      17.89    17.0884      12.38
     30        469      17.92    16.8700      11.22
     30        470      17.87    17.1777      12.21
     30        471      17.72    16.9527      11.93
     30        472      17.48    16.7680      11.37
     30        473      18.04    16.8104      11.03
     30        474      17.38    16.8860      11.96
     30        475      18.05    16.9075      12.19
     30        476      17.85    16.8400      11.17
     30        477      17.58    16.5836      12.10
     30        478      17.49    17.1862      10.70
     30        479      17.98    16.6306      11.87
     30        480      17.71    17.0201      12.28
     30        481      18.12    16.6781      11.04
     30        482      17.44    17.3203      10.77
     30        483      17.70    16.9481      11.80
     30        484      17.68    17.0514      12.31
     30        485      17.98    17.2606      10.86
     30        486      17.73    16.8736      11.43
     30        487      17.65    17.0649      11.48
     30        488      17.84    17.4515      12.53
     30        489      17.56    16.7904      11.19
     30        490      17.71    16.8809      11.31
     30        491      17.87    16.9953      10.91
     30        492      17.78    17.2135      10.90
     30        493      16.70    16.9891      11.68
     30        494      17.77    17.0253      11.96
     30        495      17.75    16.8441      11.75
     30        496      17.80    16.8166      11.20
     30        497      18.10    17.1160      11.13
     30        498      17.71    16.6114      11.39
     30        499      18.09    16.9612      11.73
     30        500      17.81    16.7168      11.96
