     40          1      20.82    19.4803      11.78
     40          2      20.68    19.1574      11.48
     40          3      20.57    19.8472      11.86
     40          4      21.15    19.7067      10.72
     40          5      20.47    19.8510      11.90
     40          6      20.58    19.4126      12.04
     40          7      20.85    19.5689      11.17
     40          8      20.98    19.8800      11.96
     40          9      20.96    19.6309      10.92
     40         10      20.55    19.4681      11.58
     40         11      20.68    19.2501      12.49
     40         12      20.86    19.2504      11.32
     40         13      20.18    19.8160      11.34
     40         14      21.07    19.6705      11.33
     40         15      20.73    19.8030      11.08
     40         16      20.21    19.1746      12.43
     40         17      20.72    19.2196      11.44
     40         18      20.51    19.4047      11.57
     40         19      20.31    19.5507      11.30
     40         20      20.39    19.6660      12.35
     40         21      20.47    19.1540      11.80
     40         22      21.10    19.5119      11.00
     40         23      20.00    19.9226      11.37
     40         24      21.30    19.3968      11.77
     40         25      20.64    19.5653      10.74
     40         26      20.59    19.5451      11.63
     40         27      20.95    19.2193      11.99
     40         28      21.03    19.7269      10.97
     40         29      21.11    19.5263      11.64
     40         30      20.77    19.2036      11.17
     40         31      20.33    19.6421      10.23
     40         32      20.74    19.6978      10.38
     40         33      21.14    19.6497      11.31
     40         34      20.75    19.5509      11.26
     40         35      20.88    19.8811      12.10
     40         36      20.87    19.7236      11.69
     40         37      19.95    19.5471      10.16
     40         38      20.70    19.7221      10.73
     40         39      20.23    19.2136      11.62
     40         40      21.39    19.7465       8.72
     40         41      20.82    19.7335      11.76
     40         42      20.60    19.5057      11.63
     40         43      20.65    19.4648      10.58
     40         44      21.08    19.8347      11.04
     40         45      20.74    19.4323      11.53
     40         46      20.53    19.4897      10.70
     40         47      21.02    19.5693      10.03
     40         48      20.62    20.0215      10.55
     40         49      20.52    19.3777      11.26
     40         50      20.96    19.2200      11.50
     40         51      20.45    20.0817      11.86
     40         52      21.09    19.5475      10.30
     40         53      21.20    19.3123      12.05
     40         54      20.79    19.8264       9.49
     40         55      20.19    19.7383      10.58
     40         56      20.58    19.4044      11.27
     40         57      20.98    19.8506      10.13
     40         58      20.63    19.6989      11.44
     40         59      19.97    20.0184       8.83
     40         60      20.63    19.5929      11.35
     40         61      20.48    19.2723      11.09
     40         62      20.31    19.4350      11.89
     40         63      20.78    19.4371      10.52
     40         64      21.11    19.6623      11.63
     40         65      20.89    18.9635      11.25
     40         66      20.80    19.2846      11.90
     40         67      20.35    19.7157      11.56
     40         68      20.67    19.9451      11.93
     40         69      20.91    19.6012      11.34
     40         70      21.04    19.4105      11.94
     40         71      20.41    19.5920      11.62
     40         72      20.34    20.0567      11.80
     40         73      20.50    19.6524      10.88
     40         74      20.86    19.4911      10.95
     40         75      20.66    19.5144      11.14
     40         76      20.96    19.6906      10.87
     40         77      20.40    19.8059      11.63
     40         78      20.53    19.7531      11.47
     40         79      21.08    19.5276      10.81
     40         80      20.47    19.7870      11.37
     40         81      20.62    19.8581      11.78
     40         82      21.25    19.5857      11.07
     40         83      20.83    19.5870      11.66
     40         84      20.62    19.7961      10.78
     40         85      21.10    18.5005      11.77
     40         86      20.85    19.0511      11.56
     40         87      20.70    19.4369      11.47
     40         88      21.09    19.8325      12.02
     40         89      21.04    18.8279      11.67
     40         90      21.37    19.6105      11.86
     40         91      20.62    19.4933      11.39
     40         92      20.54    19.4773      10.87
     40         93      20.68    19.5184      10.97
     40         94      20.99    19.4871      10.88
     40         95      20.36    18.7700      11.48
     40         96      20.90    19.7226      11.12
     40         97      20.49    19.3933      11.52
     40         98      20.62    19.3513      11.27
     40         99      21.00    19.4723      11.78
     40        100      20.78    19.6780      10.37
     40        101      20.93    19.1719      10.99
     40        102      20.24    19.6200      10.89
     40        103      21.28    19.4739      11.62
     40        104      20.49    19.7382      11.11
     40        105      20.89    19.7450      11.63
     40        106      20.26    19.5516      11.23
     40        107      20.88    19.9232      10.46
     40        108      20.71    18.6017      11.44
     40        109      20.40    19.9188       9.46
     40        110      21.03    19.8252      11.60
     40        111      21.08    19.3748      11.59
     40        112      20.67    19.7324      11.75
     40        113      20.98    19.9099      12.14
     40        114      20.81    19.5251      10.00
     40        115      20.87    19.8210      11.26
     40        116      20.75    19.6571      10.96
     40        117      20.67    19.8460       9.30
     40        118      21.12    19.9180       8.54
     40        119      20.81    19.6090      11.52
     40        120      20.52    19.5038      11.65
     40        121      21.00    19.6898      12.19
     40        122      21.15    20.0601      11.20
     40        123      20.90    19.6588      10.69
     40        124      20.81    19.7984       9.60
     40        125      21.19    20.1026      11.44
     40        126      21.08    19.8207      12.25
     40        127      20.25    19.3369      10.23
     40        128      20.79    19.5926      10.86
     40        129      20.87    19.7021      11.79
     40        130      20.41    19.9050      10.59
     40        131      21.05    19.8153      10.68
     40        132      21.19    19.6166       9.91
     40        133      21.20    19.8039      10.96
     40        134      20.96    19.5603      10.22
     40        135      21.06    19.8562      11.08
     40        136      20.92    19.4407      12.10
     40        137      21.05    19.6803      11.51
     40        138      20.95    19.2679      11.88
     40        139      20.32    19.6035      11.70
     40        140      20.79    19.5999      11.08
     40        141      21.07    19.8225      11.72
     40        142      21.61    19.9832      11.43
     40        143      20.56    19.9434      10.22
     40        144      20.71    19.4457      12.18
     40        145      20.65    19.6282      10.76
     40        146      20.56    19.0979      11.66
     40        147      20.83    19.9137      11.18
     40        148      20.84    19.8287      11.78
     40        149      21.00    19.4958      12.24
     40        150      20.82    19.8853      10.30
     40        151      20.41    19.5848      10.69
     40        152      20.72    19.4960      12.06
     40        153      21.06    19.1653      11.25
     40        154      20.83    19.2323      10.56
     40        155      20.49    19.1745      11.51
     40        156      21.04    19.3281      11.56
     40        157      20.73    19.5715      11.73
     40        158      20.82    19.6695      12.06
     40        159      20.56    19.5784      11.12
     40        160      21.04    19.7004      10.25
     40        161      20.50    19.5252      11.39
     40        162      21.16    19.6626      12.01
     40        163      20.60    19.9652      11.12
     40        164      21.06    19.6193      12.08
     40        165      20.10    20.0646      10.70
     40        166      20.79    19.8477      10.83
     40        167      20.72    19.4923      11.80
     40        168      20.43    19.7242      12.05
     40        169      20.87    19.6980      11.44
     40        170      21.21    19.1784      11.76
     40        171      20.79    19.1992      10.87
     40        172      21.09    19.7385      10.99
     40        173      20.57    19.8187      12.32
     40        174      20.28    19.7575      12.56
     40        175      20.03    19.9419      10.40
     40        176      20.44    18.9126      11.97
     40        177      21.00    19.5937      10.81
     40        178      21.03    19.3642      11.34
     40        179      20.47    19.6175      11.91
     40        180      20.76    19.7674      12.14
     40        181      20.69    20.0352      10.85
     40        182      20.81    19.2295      11.34
     40        183      20.78    19.1948      10.86
     40        184      20.85    19.9249      10.90
     40        185      20.74    19.8929      11.60
     40        186      20.27    19.6659      11.18
     40        187      20.43    19.3228       9.79
     40        188      20.80    19.7674      10.66
     40        189      20.59    19.4188      11.84
     40        190      20.90    20.2539      10.00
     40        191      20.31    19.7227      11.49
     40        192      20.30    19.4381       9.22
     40        193      21.06    19.4358      11.45
     40        194      20.85    19.8427      11.99
     40        195      21.00    19.5775      11.36
     40        196      20.55    19.8336      11.46
     40        197      20.48    19.6970      12.06
     40        198      20.84    19.4506      11.39
     40        199      21.14    19.4705      11.52
     40        200      20.33    19.6754      11.81
     40        201      20.75    19.7480      11.62
     40        202      20.67    19.3498      11.49
     40        203      20.50    19.4919      10.84
     40        204      20.65    19.3435      11.52
     40        205      20.52    20.1834      11.16
     40        206      20.69    19.2287      12.01
     40        207      20.53    19.6990      10.27
     40        208      20.82    19.6942      10.05
     40        209      20.47    19.4995      11.67
     40        210      20.84    19.6110      11.45
     40        211      20.99    19.6182      11.01
     40        212      20.73    19.1517      11.23
     40        213      20.74    19.4068      11.83
     40        214      20.73    19.0154      10.93
     40        215      20.96    19.6003      11.50
     40        216      20.99    19.7164      11.28
     40        217      20.60    19.7301      10.20
     40        218      20.89    19.2222      11.43
     40        219      20.89    19.9800      10.71
     40        220      20.51    19.5869      11.71
     40        221      20.14    19.2630      12.18
     40        222      20.92    19.7294      11.68
     40        223      20.88    19.6771      11.51
     40        224      20.92    19.9720      11.61
     40        225      20.43    19.1703      10.98
     40        226      20.18    19.6275      11.21
     40        227      20.42    19.7599      11.26
     40        228      20.83    19.1928      11.18
     40        229      20.24    19.6858      10.50
     40        230      20.75    19.5630      11.07
     40        231      20.62    19.2063      10.51
     40        232      20.68    19.8387      11.97
     40        233      20.95    19.4793      10.23
     40        234      20.72    19.8019      11.86
     40        235      20.92    20.1140      11.80
     40        236      20.83    19.7047      12.43
     40        237      20.77    18.9003      11.39
     40        238      20.76    19.2195      11.30
     40        239      21.03    19.7288      10.77
     40        240      21.17    19.0933      11.56
     40        241      20.70    19.4205      10.43
     40        242      21.05    19.8311       9.97
     40        243      20.88    19.3415       9.80
     40        244      20.70    19.3183      11.15
     40        245      20.99    19.8490      11.28
     40        246      20.97    19.8887      11.49
     40        247      20.58    19.5655      12.11
     40        248      21.32    20.0348      12.25
     40        249      21.02    19.8508      11.96
     40        250      21.08    19.5417      11.29
     40        251      20.87    19.8606      10.42
     40        252      20.82    19.3553      11.49
     40        253      20.84    19.5124      11.63
     40        254      20.98    20.0360      11.91
     40        255      21.12    19.3092      11.63
     40        256      20.69    19.5965       9.72
     40        257      20.98    19.5697      10.68
     40        258      20.48    19.8924      11.68
     40        259      20.41    19.5472      11.09
     40        260      20.93    19.4998      11.44
     40        261      20.06    19.7236      11.56
     40        262      21.41    20.0613      11.61
     40        263      20.46    19.8374      11.65
     40        264      21.00    19.7969      10.89
     40        265      20.74    19.6788      11.75
     40        266      20.49    19.1975      11.20
     40        267      20.57    19.6309      11.24
     40        268      21.05    19.6378      11.69
     40        269      20.90    19.3386      11.08
     40        270      20.47    19.3510      12.49
     40        271      19.05    19.8468      10.87
     40        272      20.41    19.4043      11.88
     40        273      20.75    19.6759      11.30
     40        274      20.54    19.9680      10.60
     40        275      20.63    19.6123      11.50
     40        276      20.89    20.0844      11.32
     40        277      20.84    19.3459      12.25
     40        278      20.84    19.7874      11.65
     40        279      20.56    19.7934      10.17
     40        280      20.23    19.5551      10.25
     40        281      20.50    19.8661      10.44
     40        282      20.07    19.7231      10.99
     40        283      20.41    19.5320      11.13
     40        284      20.19    19.9709      11.04
     40        285      20.95    20.0089      10.11
     40        286      20.42    19.8374      11.93
     40        287      20.64    19.9237      11.60
     40        288      20.58    19.8649      11.65
     40        289      21.35    19.7441      10.65
     40        290      20.28    19.1606      10.41
     40        291      20.72    20.2822      11.70
     40        292      20.93    19.4497      11.05
     40        293      20.86    19.5974      11.79
     40        294      20.97    19.9943      10.33
     40        295      20.46    19.7525      10.66
     40        296      21.12    19.8678      11.52
     40        297      21.06    19.6408      10.51
     40        298      20.57    19.9883      11.44
     40        299      20.89    19.0331      10.51
     40        300      20.31    19.3167      11.83
     40        301      20.70    19.5913      11.82
     40        302      21.46    19.5315      10.97
     40        303      21.01    19.8273      10.97
     40        304      20.83    20.0865      11.07
     40        305      20.38    19.4668      11.91
     40        306      20.93    19.5129      11.80
     40        307      20.93    19.4859      11.23
     40        308      21.26    19.8060      11.15
     40        309      20.81    19.7053      11.26
     40        310      21.23    19.5968      11.69
     40        311      20.92    19.7720      10.90
     40        312      20.54    19.5956      11.54
     40        313      20.48    19.6731      10.67
     40        314      20.85    19.8454      11.68
     40        315      20.51    19.1302      11.53
     40        316      20.90    20.0548      10.30
     40        317      20.72    19.8872      11.51
     40        318      21.14    19.4333       9.85
     40        319      21.01    19.1365      11.79
     40        320      20.75    19.8579      11.59
     40        321      20.43    19.5895      10.83
     40        322      20.76    20.2683      11.80
     40        323      21.26    19.7593      11.74
     40        324      20.64    19.0809      11.68
     40        325      20.91    19.8621      10.05
     40        326      20.79    19.0304      11.86
     40        327      21.11    18.8770      11.21
     40        328      20.76    19.4142      11.99
     40        329      20.90    19.8171       9.84
     40        330      20.40    19.9716      11.60
     40        331      20.43    19.6203      11.00
     40        332      20.91    20.0295      12.00
     40        333      19.58    19.1347      11.74
     40        334      20.52    19.2392      10.74
     40        335      20.85    19.5139      11.00
     40        336      21.00    19.6813      10.07
     40        337      20.99    19.3375      11.51
     40        338      20.98    19.8489      11.04
     40        339      20.25    19.6945      11.66
     40        340      20.88    19.1240      12.04
     40        341      21.06    19.8057      11.40
     40        342      20.67    19.3274      11.68
     40        343      20.46    19.9348      11.40
     40        344      21.11    19.8458      11.83
     40        345      20.68    19.6514      10.86
     40        346      20.37    20.0208      11.81
     40        347      19.83    19.4955      12.05
     40        348      21.03    19.3786      10.46
     40        349      20.98    19.9860      11.29
     40        350      20.70    19.6709      10.79
     40        351      20.34    19.6456      10.53
     40        352      20.59    19.5469      10.77
     40        353      20.64    19.7948      11.60
     40        354      20.69    19.7139      10.60
     40        355      20.68    19.3395      11.25
     40        356      20.57    19.5888      11.17
     40        357      20.08    19.8309      11.53
     40        358      20.79    19.6327      10.90
     40        359      21.06    19.7015      10.69
     40        360      20.52    19.6172      11.58
     40        361      20.70    19.7632      11.23
     40        362      20.37    19.5325      12.06
     40        363      20.48    19.7605      11.35
     40        364      21.15    19.7618      11.88
     40        365      20.96    19.9362      11.16
     40        366      20.63    19.5615      11.11
     40        367      20.98    19.1404      10.57
     40        368      20.29    20.1502      10.09
     40        369      20.69    19.5733      12.18
     40        370      20.38    19.9355      11.96
     40        371      20.89    19.7990      11.36
     40        372      20.54    19.1587      11.63
     40        373      20.82    19.9481       9.94
     40        374      20.89    19.4906      12.10
     40        375      20.68    19.6541      11.59
     40        376      20.86    19.4919      11.82
     40        377      20.54    19.6180      10.87
     40        378      20.74    20.1947      11.99
     40        379      20.70    19.6748      11.32
     40        380      20.96    19.5316      11.16
     40        381      21.21    20.0766      10.34
     40        382      20.61    19.7737      10.32
     40        383      20.69    19.9186      11.51
     40        384      20.81    19.7416      11.58
     40        385      20.98    19.6812      11.27
     40        386      20.36    19.4119      10.92
     40        387      20.91    19.5502      11.64
     40        388      20.61    19.5049      11.50
     40        389      20.95    19.9701      11.76
     40        390      20.91    19.7683      11.18
     40        391      20.47    19.8586      11.31
     40        392      21.05    19.7741      11.29
     40        393      21.00    19.6710      10.10
     40        394      20.83    19.6408      11.42
     40        395      21.03    19.7052      11.95
     40        396      20.64    19.7844      11.58
     40        397      20.53    19.7596      12.08
     40        398      19.62    18.6693      12.03
     40        399      20.93    19.6633      10.91
     40        400      20.42    19.5788      11.59
     40        401      20.84    19.6162      10.40
     40        402      20.77    19.7236      11.26
     40        403      20.73    19.8268      11.00
     40        404      20.77    19.8877      11.69
     40        405      20.93    19.6306      10.87
     40        406      21.08    19.5441      10.48
     40        407      20.95    18.9591       9.75
     40        408      20.68    20.0508      11.83
     40        409      21.15    19.8361      11.70
     40        410      20.79    19.8207      12.18
     40        411      20.93    19.9257      11.14
     40        412      20.85    19.3892      11.76
     40        413      20.58    19.8032      11.93
     40        414      20.79    19.1150      12.13
     40        415      20.72    19.7818       9.66
     40        416      20.93    19.7549      10.76
     40        417      20.74    19.2625      11.83
     40        418      20.74    19.7246      10.14
     40        419      21.04    19.3624      11.59
     40        420      20.64    19.5964      11.51
     40        421      20.72    19.4766      11.37
     40        422      20.79    19.0948      10.22
     40        423      20.81    19.7049      11.64
     40        424      21.06    19.3149      11.32
     40        425      20.98    19.5494      10.74
     40        426      20.83    19.9287      11.23
     40        427      21.28    19.9001       9.32
     40        428      21.15    19.7726      11.81
     40        429      20.70    19.6213      11.55
     40        430      21.13    19.4129      11.31
     40        431      20.37    19.8158      10.68
     40        432      20.83    19.2979      12.04
     40        433      20.73    19.5371      10.63
     40        434      20.46    20.0475      12.10
     40        435      21.41    19.9293      11.45
     40        436      20.65    19.6305      10.43
     40        437      20.58    19.8839      10.68
     40        438      20.93    19.3565      11.57
     40        439      20.96    19.7901      11.74
     40        440      20.54    20.0318      10.80
     40        441      21.11    19.9571      10.74
     40        442      20.52    19.5523      12.23
     40        443      21.24    19.6863      11.56
     40        444      21.08    19.7089      11.57
     40        445      20.40    19.5158      11.32
     40        446      20.77    20.0804      11.52
     40        447      20.83    19.5844      11.67
     40        448      20.94    19.9233      11.35
     40        449      21.13    19.4667      10.56
     40        450      20.52    19.5869      10.75
     40        451      20.55    19.9184      10.58
     40        452      21.00    19.2180      11.85
     40        453      20.65    19.7307      11.41
     40        454      20.96    19.3719       9.91
     40        455      20.71    19.8009      11.02
     40        456      20.82    19.4534      11.04
     40        457      21.20    19.5666      10.90
     40        458      20.94    19.6384      11.70
     40        459      20.98    19.5800      12.04
     40        460      20.28    19.9630      11.82
     40        461      20.96    19.8481      10.49
     40        462      20.51    19.5968      11.79
     40        463      20.64    19.4050      10.94
     40        464      20.43    19.0128      11.54
     40        465      20.63    20.1143      11.75
     40        466      20.08    19.3061      10.96
     40        467      20.36    19.5418      10.85
     40        468      20.68    19.6536      10.43
     40        469      21.43    19.5167      11.57
     40        470      20.46    20.2201      11.11
     40        471      21.09    19.6484       9.93
     40        472      20.80    19.5548      11.78
     40        473      21.00    19.4679      10.88
     40        474      20.64    19.4244      11.85
     40        475      20.33    19.3977      11.57
     40        476      20.70    19.7492      11.83
     40        477      20.87    20.1022      11.42
     40        478      20.96    19.8695      11.43
     40        479      20.76    20.1779      10.82
     40        480      20.98    19.8278      11.50
     40        481      20.68    19.9047      11.40
     40        482      20.45    19.4271      11.52
     40        483      20.65    19.8068      10.71
     40        484      20.57    19.2855      11.13
     40        485      20.71    19.4866      11.55
     40        486      20.09    19.7574      11.62
     40        487      21.04    19.9337      10.87
     40        488      20.72    19.3245      11.20
     40        489      20.74    19.8054       9.98
     40        490      20.86    19.2807      11.21
     40        491      21.09    19.6508      11.28
     40        492      20.76    19.4436      11.88
     40        493      20.69    19.5134      10.26
     40        494      20.73    19.2111      11.30
     40        495      20.85    19.3229      11.41
     40        496      20.61    19.8167      12.39
     40        497      20.88    19.3068      12.14
     40        498      21.15    19.9008      11.15
     40        499      20.72    19.1769      11.87
     40        500      20.63    19.6929      11.14
