     35          1      19.57    18.1063      11.88
     35          2      18.98    17.0247      11.28
     35          3      19.63    17.5854      11.06
     35          4      19.73    17.5081      11.55
     35          5      19.52    17.7080      11.12
     35          6      19.61    18.1894      11.59
     35          7      19.11    17.8254      11.04
     35          8      19.38    18.3579      10.80
     35          9      19.39    17.4487      10.82
     35         10      19.57    17.0838      10.46
     35         11      19.40    17.8941       9.26
     35         12      19.04    17.9798      11.87
     35         13      19.27    18.1532      11.74
     35         14      19.81    17.9061       9.83
     35         15      19.20    18.1054      11.05
     35         16      19.62    17.6947      11.22
     35         17      19.75    17.4691      11.26
     35         18      19.39    17.8580      10.60
     35         19      19.51    17.8638      10.48
     35         20      19.37    17.6548      10.57
     35         21      19.12    18.0806      11.52
     35         22      19.12    17.5854      11.90
     35         23      19.42    17.7164      10.46
     35         24      19.43    18.2127      10.71
     35         25      19.50    17.0723      11.67
     35         26      19.14    17.1094      11.32
     35         27      19.74    17.8573      10.90
     35         28      19.79    17.7381      12.16
     35         29      19.76    17.6874      11.41
     35         30      18.92    18.0402      11.13
     35         31      19.26    17.8930      11.27
     35         32      18.94    17.1412      11.46
     35         33      18.89    17.8413      10.63
     35         34      19.52    17.6772      12.23
     35         35      19.49    17.4274      11.50
     35         36      19.62    17.4850      11.48
     35         37      19.42    17.4219      10.79
     35         38      19.43    17.7615      10.68
     35         39      19.31    17.6121      11.70
     35         40      19.45    17.4867      11.65
     35         41      19.70    18.1906      10.74
     35         42      19.28    17.3793      11.22
     35         43      19.81    17.8751      12.02
     35         44      19.69    17.4517      11.76
     35         45      19.48    17.9605      11.38
     35         46      19.61    18.1209      11.72
     35         47      19.55    17.5478      11.97
     35         48      18.92    18.0506      10.19
     35         49      19.79    17.7856      11.87
     35         50      19.68    17.4918      11.25
     35         51      18.66    17.7078      12.34
     35         52      19.34    17.3691      12.31
     35         53      19.50    17.7903      11.95
     35         54      19.97    17.7802      11.57
     35         55      19.37    18.0480      10.44
     35         56      19.32    17.9327      10.94
     35         57      19.16    17.7147      11.60
     35         58      18.95    17.7717      11.22
     35         59      19.38    17.8946      11.14
     35         60      19.58    17.4423      10.45
     35         61      19.22    16.8877      11.18
     35         62      19.26    18.0104      12.04
     35         63      19.83    17.9044      11.49
     35         64      19.54    17.7572      11.81
     35         65      19.09    17.8607      11.93
     35         66      19.40    17.4126      12.03
     35         67      19.40    16.7277      11.40
     35         68      19.39    18.0826      10.80
     35         69      19.22    17.9207      12.05
     35         70      19.60    17.7853      11.00
     35         71      19.51    17.6101      12.12
     35         72      19.61    17.9955      11.80
     35         73      19.40    18.0559      11.35
     35         74      19.63    17.7349      10.81
     35         75      19.26    17.8644      10.67
     35         76      19.48    17.5643       9.48
     35         77      19.34    17.7388      10.47
     35         78      19.44    17.9176      10.88
     35         79      19.61    17.7459      12.20
     35         80      18.80    17.7817      10.43
     35         81      19.58    17.6249      11.06
     35         82      19.58    16.9040      11.26
     35         83      19.23    17.8435      10.55
     35         84      19.52    17.8435      12.00
     35         85      19.09    17.9941      10.05
     35         86      19.67    17.9588      11.31
     35         87      19.39    17.5380      10.80
     35         88      19.73    17.9039      10.23
     35         89      19.36    17.7823      10.98
     35         90      19.50    18.0634      11.33
     35         91      19.31    17.9066      11.54
     35         92      19.56    18.3053      11.02
     35         93      19.35    17.6672      12.23
     35         94      18.95    17.9096      11.65
     35         95      19.30    17.4930      12.22
     35         96      19.55    17.9479      10.63
     35         97      19.51    17.5957      11.40
     35         98      19.21    17.7195      11.17
     35         99      19.32    17.2667      12.04
     35        100      19.55    17.3136      11.78
     35        101      19.38    17.2921      11.22
     35        102      19.69    16.5695      11.43
     35        103      19.29    17.6027      10.93
     35        104      19.26    17.9910      11.27
     35        105      19.43    18.1816      11.13
     35        106      19.57    18.3601      11.31
     35        107      19.32    17.9912       9.36
     35        108      19.73    17.1838      11.87
     35        109      19.36    17.6985      11.25
     35        110      19.41    17.5598      11.44
     35        111      19.92    17.2757       9.34
     35        112      19.40    18.2649      11.69
     35        113      19.12    18.3111      11.29
     35        114      18.83    17.6400      10.85
     35        115      19.60    17.8078      10.13
     35        116      19.75    18.1474      11.23
     35        117      19.73    17.3614      11.79
     35        118      19.40    18.4294      11.35
     35        119      19.76    17.8487      11.72
     35        120      19.17    18.2547      11.59
     35        121      19.36    17.7348      10.29
     35        122      19.78    18.0699      11.31
     35        123      19.45    17.6508      11.55
     35        124      19.52    18.2427      11.46
     35        125      19.21    17.4994      11.78
     35        126      19.14    18.0986      11.24
     35        127      19.71    17.6978      10.84
     35        128      19.49    17.8045      11.59
     35        129      19.48    17.3652      11.95
     35        130      19.69    17.3658      11.53
     35        131      19.48    18.0417      10.78
     35        132      19.41    17.4029      11.57
     35        133      19.48    17.9231      10.87
     35        134      19.32    17.5284      12.48
     35        135      19.45    17.5849      11.86
     35        136      19.55    17.8193      12.41
     35        137      19.61    17.9939      11.90
     35        138      19.66    17.8193      11.44
     35        139      19.48    18.2512      11.13
     35        140      19.75    17.4965      12.02
     35        141      19.38    18.0848      11.22
     35        142      19.50    17.7655      10.62
     35        143      19.78    17.6824      11.83
     35        144      19.76    17.6252      11.61
     35        145      19.46    17.7563      10.63
     35        146      19.77    17.5693      10.61
     35        147      19.32    18.3595      10.96
     35        148      20.08    18.3303       9.90
     35        149      19.47    17.8477      12.02
     35        150      19.34    17.8689      11.70
     35        151      19.20    17.9056      10.81
     35        152      19.98    17.6796      11.47
     35        153      19.64    17.9021      11.71
     35        154      19.63    17.4418      10.67
     35        155      18.98    18.0868       9.72
     35        156      19.43    17.7418      11.13
     35        157      19.50    17.5300      11.35
     35        158      19.40    17.7468       9.85
     35        159      19.63    18.1180      10.90
     35        160      19.53    17.8803      11.34
     35        161      19.21    17.5227      10.94
     35        162      19.48    17.3001       9.51
     35        163      19.66    17.8120       9.34
     35        164      19.64    17.1430      12.08
     35        165      19.32    18.0112      11.59
     35        166      19.17    17.0849      11.77
     35        167      18.89    17.6804      11.49
     35        168      19.12    17.8042      11.15
     35        169      19.05    17.8461       9.89
     35        170      19.26    17.8025      10.81
     35        171      19.30    17.8839      11.32
     35        172      19.46    17.5379      11.06
     35        173      19.52    17.5849      10.96
     35        174      19.23    17.9181      11.80
     35        175      19.47    17.8233      10.62
     35        176      19.23    17.7461      10.85
     35        177      18.97    17.9032      11.65
     35        178      19.71    17.4533      11.80
     35        179      19.88    17.4974      10.58
     35        180      19.29    18.1184      11.37
     35        181      19.74    18.0865      10.38
     35        182      18.78    17.6781      11.09
     35        183      19.76    18.1016      11.76
     35        184      19.37    17.9504      10.64
     35        185      19.46    17.9096      11.86
     35        186      19.66    18.0635      11.02
     35        187      19.21    17.1982      11.50
     35        188      19.48    18.0997      11.56
     35        189      19.74    17.5463      11.87
     35        190      19.33    17.9569      10.70
     35        191      19.74    17.9319      10.70
     35        192      19.50    17.3394      10.08
     35        193      19.37    17.6364      11.65
     35        194      19.54    18.1013       9.24
     35        195      19.97    17.8245      11.32
     35        196      19.28    18.1156      10.63
     35        197      19.23    17.8974      11.72
     35        198      19.00    17.5910      10.69
     35        199      19.60    17.6794      11.32
     35        200      19.53    17.0337      10.76
     35        201      19.62    17.8269      10.62
     35        202      19.23    17.4668      10.94
     35        203      19.47    17.7388      11.94
     35        204      19.18    17.7316      11.13
     35        205      19.49    17.7533      11.14
     35        206      19.51    17.8819      12.32
     35        207      19.57    17.5493      11.68
     35        208      19.55    17.5865      10.81
     35        209      19.66    17.4176      11.90
     35        210      19.15    17.3905      11.81
     35        211      19.05    17.6889      11.22
     35        212      19.85    17.2629      10.70
     35        213      19.22    17.5053      10.68
     35        214      19.90    18.0846      10.17
     35        215      19.60    18.0778      10.92
     35        216      19.53    17.4748      11.11
     35        217      19.71    17.8041      11.36
     35        218      19.79    17.7251      11.82
     35        219      19.50    17.5530      10.40
     35        220      18.89    18.2929      11.86
     35        221      19.11    17.4216      11.24
     35        222      19.38    17.9915      11.30
     35        223      19.30    18.0259      10.37
     35        224      19.24    17.8968      10.57
     35        225      19.33    18.3503      11.56
     35        226      19.21    17.5884      10.71
     35        227      19.08    17.8037      11.65
     35        228      19.72    17.6650      10.94
     35        229      19.17    17.8232      10.21
     35        230      19.44    17.6713      11.62
     35        231      19.69    17.5905      11.65
     35        232      19.62    17.7658      11.57
     35        233      19.38    17.7886      12.08
     35        234      19.61    17.9633      11.05
     35        235      19.51    17.7580      11.05
     35        236      19.06    17.9702      10.90
     35        237      19.69    18.4319      11.82
     35        238      19.15    17.9380      11.19
     35        239      19.55    17.3260      10.49
     35        240      19.19    18.0775      11.32
     35        241      19.49    17.8279      12.10
     35        242      19.59    18.1626      11.21
     35        243      19.53    17.6662      12.08
     35        244      19.46    18.1837      11.30
     35        245      19.66    17.9738      12.21
     35        246      18.96    17.9581      11.64
     35        247      19.51    18.2025      10.80
     35        248      19.54    17.4892      11.31
     35        249      19.38    16.7786      10.52
     35        250      19.63    17.9814      11.21
     35        251      19.77    17.6292      10.78
     35        252      19.51    17.8587      12.35
     35        253      19.37    18.1375      10.65
     35        254      19.50    16.8930      11.56
     35        255      19.31    17.8680      11.43
     35        256      19.42    17.7306      10.87
     35        257      19.73    17.9212      11.82
     35        258      19.22    17.9721      10.46
     35        259      19.32    17.9012      12.24
     35        260      19.68    17.9499      11.79
     35        261      19.15    18.1560      11.38
     35        262      19.32    18.0082      11.00
     35        263      19.57    17.9736      11.24
     35        264      19.50    17.7659      11.85
     35        265      19.74    17.4617      10.12
     35        266      19.12    18.0543      11.37
     35        267      18.94    18.0386      11.17
     35        268      19.91    17.7409      11.65
     35        269      19.59    17.8120       9.98
     35        270      19.62    17.6469      11.85
     35        271      19.54    17.8681      11.23
     35        272      19.11    17.7974       9.94
     35        273      19.47    17.4451      11.16
     35        274      19.75    17.4852      11.65
     35        275      19.74    18.0965      11.18
     35        276      19.76    17.4805      11.19
     35        277      19.19    17.3972      12.04
     35        278      18.93    17.5014      11.23
     35        279      19.16    17.6822      11.64
     35        280      19.46    17.9322      10.69
     35        281      19.46    17.5723      10.87
     35        282      19.66    18.0037      11.88
     35        283      19.31    17.7239      11.45
     35        284      19.35    17.4865      11.84
     35        285      19.13    17.4555      11.60
     35        286      19.64    18.0506      11.61
     35        287      19.68    17.6188      11.51
     35        288      19.62    17.8893      10.80
     35        289      19.43    17.9602      11.71
     35        290      19.30    18.1261      10.78
     35        291      19.22    17.5227      11.18
     35        292      19.64    17.6927      11.48
     35        293      19.35    17.9835      10.47
     35        294      19.60    18.1162      10.86
     35        295      19.64    17.5130      10.69
     35        296      19.48    17.6673      11.58
     35        297      19.37    17.8390      11.10
     35        298      19.24    17.3190      11.76
     35        299      19.13    17.8696      10.85
     35        300      19.91    17.4819      11.14
     35        301      19.43    17.5254      11.52
     35        302      19.37    18.0799      10.52
     35        303      19.25    17.2091      12.13
     35        304      19.43    17.5095      11.07
     35        305      19.37    17.8492      10.68
     35        306      19.17    18.1402      10.76
     35        307      19.96    17.4821      11.33
     35        308      19.43    17.2020      11.86
     35        309      19.66    17.5485      10.75
     35        310      19.19    17.6308      10.72
     35        311      18.75    17.9147      11.34
     35        312      19.65    17.2017      11.62
     35        313      19.28    17.8790      10.52
     35        314      19.33    17.5297      11.70
     35        315      19.38    17.7595      12.10
     35        316      19.04    17.2731      11.80
     35        317      19.85    17.7679      11.74
     35        318      19.53    17.4262      10.71
     35        319      19.73    17.4145      12.04
     35        320      19.33    17.6008      10.32
     35        321      19.61    18.1158      11.80
     35        322      19.20    17.8959       9.76
     35        323      19.56    17.7903      10.37
     35        324      19.58    18.2279      10.53
     35        325      19.53    17.5140      10.89
     35        326      19.32    17.7739      11.77
     35        327      19.81    18.0066      10.71
     35        328      19.14    17.1728      11.26
     35        329      19.49    17.5973      11.91
     35        330      19.63    18.1623      10.69
     35        331      18.78    18.3340      11.22
     35        332      18.93    17.6504      10.93
     35        333      19.42    17.4492      10.87
     35        334      19.01    18.0954      10.64
     35        335      19.22    18.1350       9.49
     35        336      18.94    18.0286      11.43
     35        337      19.65    17.6673      11.23
     35        338      19.46    18.2825      11.64
     35        339      19.04    18.1942      12.19
     35        340      19.64    17.9998      11.03
     35        341      19.27    17.4508      11.18
     35        342      19.28    18.0428      11.69
     35        343      19.44    17.8577      10.53
     35        344      19.87    17.5158      10.00
     35        345      19.35    17.7555      11.09
     35        346      19.56    17.8336      11.85
     35        347      19.81    17.6738      11.01
     35        348      19.57    17.4792      11.42
     35        349      19.50    17.5723      11.43
     35        350      19.22    17.4341      11.37
     35        351      19.35    17.5846      10.24
     35        352      19.71    17.4764      10.47
     35        353      19.79    17.7527      11.42
     35        354      19.75    17.6158      10.55
     35        355      19.00    17.5930      11.58
     35        356      19.41    17.6523      10.53
     35        357      19.33    17.6485      10.86
     35        358      19.67    17.6126      11.09
     35        359      19.44    17.9037      11.57
     35        360      19.93    17.7534      11.81
     35        361      19.53    17.9499      11.07
     35        362      19.51    17.7782      12.44
     35        363      19.08    17.9360      10.37
     35        364      19.31    17.4079      11.82
     35        365      19.82    18.2177      10.62
     35        366      19.17    17.2112      11.57
     35        367      19.07    18.5710      11.26
     35        368      19.54    17.6195      10.87
     35        369      19.54    17.4502      11.19
     35        370      19.23    17.9291      11.33
     35        371      19.75    17.7840      10.72
     35        372      19.66    18.0614      10.96
     35        373      19.37    17.4246      10.99
     35        374      19.43    17.8279      11.85
     35        375      19.87    17.6585      10.07
     35        376      19.23    17.4713      10.85
     35        377      19.20    18.0049      12.00
     35        378      19.40    17.9784      11.60
     35        379      19.56    17.4577      12.12
     35        380      19.29    17.7108      11.04
     35        381      19.71    17.9627      11.62
     35        382      19.40    17.5785      11.46
     35        383      19.67    18.0672      11.10
     35        384      19.57    18.2120      11.27
     35        385      19.99    17.6920      10.68
     35        386      19.50    17.6918      11.42
     35        387      19.59    17.8498      10.55
     35        388      19.63    17.5957      10.88
     35        389      19.11    17.7434      10.29
     35        390      19.42    17.7245      11.19
     35        391      19.46    17.3929      12.07
     35        392      19.53    17.7874      10.60
     35        393      19.73    17.9094      11.66
     35        394      19.11    17.3585      11.15
     35        395      19.13    17.8342      11.32
     35        396      19.22    17.6602      11.72
     35        397      19.59    17.2832      11.00
     35        398      18.69    18.0269      10.61
     35        399      19.36    17.7743      11.32
     35        400      19.23    18.0200      11.50
     35        401      19.52    18.1779      11.85
     35        402      19.33    18.4523      11.04
     35        403      19.01    17.8877      11.02
     35        404      19.37    17.4183      10.28
     35        405      19.74    17.8174      11.15
     35        406      19.55    18.1148      10.70
     35        407      19.44    18.1464      10.97
     35        408      19.41    17.6242      10.50
     35        409      19.10    17.9811      11.93
     35        410      19.48    17.8563      10.54
     35        411      19.32    17.3006      10.95
     35        412      19.01    18.0202      11.60
     35        413      19.21    17.5393      11.96
     35        414      19.48    17.7742      11.72
     35        415      19.40    18.2179      11.28
     35        416      19.14    17.7810      11.28
     35        417      19.46    17.8514      11.76
     35        418      19.16    17.8426      11.23
     35        419      19.02    18.3578      11.81
     35        420      19.50    17.7322      10.91
     35        421      19.08    17.3879      11.45
     35        422      19.60    17.7420      11.95
     35        423      19.63    18.0346      11.33
     35        424      19.50    17.9703      10.37
     35        425      19.78    17.5129      11.22
     35        426      19.45    17.8507      11.33
     35        427      19.56    17.9923      12.19
     35        428      19.31    17.9052      10.28
     35        429      19.64    17.9203      11.69
     35        430      19.36    18.1195      11.08
     35        431      19.35    17.9800      12.17
     35        432      19.63    17.6132      11.48
     35        433      19.20    18.0363      11.63
     35        434      19.39    17.6737      11.64
     35        435      19.77    18.1231      11.50
     35        436      19.10    17.5518      11.39
     35        437      19.54    17.7614       9.26
     35        438      19.11    17.9040      11.37
     35        439      19.25    17.9910      10.68
     35        440      18.97    17.3082      11.89
     35        441      19.25    17.5040       9.92
     35        442      19.85    17.7667      12.23
     35        443      19.41    17.6314       9.92
     35        444      19.40    17.7750      11.83
     35        445      19.57    17.6096      11.69
     35        446      19.48    17.2088      11.21
     35        447      19.41    17.5702      10.70
     35        448      19.56    17.6010      10.57
     35        449      19.65    17.8499      12.09
     35        450      19.81    17.5228       9.73
     35        451      19.25    18.3298      11.11
     35        452      19.40    17.9354      10.63
     35        453      19.30    17.6472      11.00
     35        454      18.98    18.2009      11.50
     35        455      19.42    17.9074       9.98
     35        456      19.39    17.9312      11.82
     35        457      19.37    17.7580      10.44
     35        458      19.49    17.9563      11.45
     35        459      19.84    17.4979      10.73
     35        460      19.12    18.0469      10.71
     35        461      19.58    17.2304      10.92
     35        462      19.47    17.8342      11.19
     35        463      19.76    17.7717      11.03
     35        464      19.61    17.3676      11.78
     35        465      19.22    17.6722      11.76
     35        466      19.14    17.8943      10.19
     35        467      19.46    17.9897      11.26
     35        468      19.64    17.2520      11.74
     35        469      19.90    17.7100       9.33
     35        470      19.77    17.9233      11.43
     35        471      19.48    17.4325      11.11
     35        472      19.31    17.6380      11.23
     35        473      19.46    17.5238      12.22
     35        474      18.92    17.9594      11.14
     35        475      19.61    17.2453      10.96
     35        476      19.56    17.6444       9.53
     35        477      19.15    17.8299       9.77
     35        478      19.67    17.6158      10.54
     35        479      19.43    16.9093      10.51
     35        480      19.72    17.8942      12.24
     35        481      19.47    17.2952      11.77
     35        482      19.61    17.9203      11.27
     35        483      19.41    17.8611      11.69
     35        484      19.84    18.0678      10.91
     35        485      19.83    17.5644      10.17
     35        486      19.67    17.8457      10.96
     35        487      19.43    17.8342       9.78
     35        488      19.11    18.1040       9.43
     35        489      19.68    17.7895      12.01
     35        490      19.37    18.0031      11.66
     35        491      19.69    17.6827      12.06
     35        492      19.58    18.0286      11.73
     35        493      19.37    17.8256      11.00
     35        494      19.44    17.9406      11.71
     35        495      19.39    17.5979      11.35
     35        496      19.69    17.6611      11.80
     35        497      19.60    17.9431      10.89
     35        498      19.85    17.6716      12.05
     35        499      19.61    17.6029      11.14
     35        500      19.55    17.9234      12.33
