     40          1      21.18    20.2759      12.02
     40          2      21.02    19.8937      11.89
     40          3      21.09    20.5217      12.12
     40          4      21.43    20.3789      11.12
     40          5      21.03    20.4870      12.12
     40          6      20.96    20.0605      12.26
     40          7      21.17    20.2809      11.65
     40          8      21.42    20.4565      12.21
     40          9      21.29    20.3410      11.28
     40         10      20.89    20.2226      11.88
     40         11      21.07    20.0219      12.67
     40         12      21.21    20.0880      11.62
     40         13      20.56    20.4608      11.67
     40         14      21.33    20.3824      11.68
     40         15      21.16    20.4318      11.44
     40         16      20.60    20.0493      12.51
     40         17      21.07    20.1423      11.66
     40         18      20.84    20.1026      11.98
     40         19      20.77    20.3151      11.68
     40         20      20.85    20.4174      12.49
     40         21      20.98    20.0368      12.05
     40         22      21.33    20.2098      11.23
     40         23      20.50    20.6070      11.70
     40         24      21.58    20.3248      11.95
     40         25      21.02    20.1810      11.26
     40         26      21.03    20.2779      11.98
     40         27      21.35    20.0486      12.33
     40         28      21.37    20.4154      11.37
     40         29      21.34    20.2183      11.82
     40         30      21.12    19.9834      11.64
     40         31      20.72    20.2631      10.74
     40         32      21.04    20.3966      10.87
     40         33      21.48    20.3350      11.78
     40         34      21.09    20.3321      11.50
     40         35      21.26    20.5473      12.29
     40         36      21.31    20.4683      11.90
     40         37      20.47    20.3193      11.01
     40         38      21.10    20.4548      11.07
     40         39      20.72    20.0933      11.86
     40         40      21.68    20.3815      10.58
     40         41      21.16    20.3866      11.94
     40         42      20.94    20.1658      11.92
     40         43      21.06    20.2782      10.96
     40         44      21.39    20.4613      11.59
     40         45      21.04    20.3027      11.67
     40         46      20.92    20.1973      11.10
     40         47      21.27    20.2316      10.73
     40         48      21.03    20.6710      11.12
     40         49      20.87    20.1024      11.54
     40         50      21.25    19.9914      11.77
     40         51      20.87    20.6629      12.11
     40         52      21.41    20.2938      10.86
     40         53      21.42    20.1916      12.18
     40         54      21.16    20.4451      10.54
     40         55      20.66    20.3898      11.11
     40         56      21.08    20.1859      11.53
     40         57      21.27    20.5913      10.66
     40         58      20.96    20.3546      11.71
     40         59      20.40    20.5295      10.26
     40         60      20.98    20.4039      11.59
     40         61      20.78    20.0595      11.57
     40         62      20.80    20.2446      12.06
     40         63      21.19    20.1098      11.05
     40         64      21.43    20.3347      11.95
     40         65      21.23    19.9619      11.57
     40         66      21.19    20.1811      12.13
     40         67      20.74    20.3278      11.92
     40         68      21.08    20.5718      12.12
     40         69      21.24    20.4235      11.65
     40         70      21.43    20.1152      12.19
     40         71      20.82    20.2952      11.97
     40         72      20.69    20.7235      12.00
     40         73      20.99    20.5227      11.33
     40         74      21.12    20.3285      11.28
     40         75      21.04    20.2285      11.53
     40         76      21.26    20.2920      11.21
     40         77      20.87    20.4906      11.85
     40         78      21.03    20.4800      11.84
     40         79      21.37    20.3064      11.12
     40         80      20.84    20.4435      11.78
     40         81      20.99    20.4402      11.98
     40         82      21.53    20.3823      11.27
     40         83      21.14    20.2723      11.91
     40         84      21.07    20.3529      11.21
     40         85      21.45    19.6544      11.99
     40         86      21.27    20.0486      11.84
     40         87      21.02    20.1080      11.79
     40         88      21.37    20.4372      12.29
     40         89      21.43    19.9223      11.91
     40         90      21.60    20.3119      12.10
     40         91      20.94    20.2465      11.60
     40         92      20.80    20.2832      11.14
     40         93      21.13    20.1527      11.40
     40         94      21.30    20.1893      11.37
     40         95      20.88    19.7922      11.85
     40         96      21.23    20.5299      11.38
     40         97      20.88    20.1920      11.83
     40         98      20.97    20.2549      11.53
     40         99      21.32    20.3172      11.96
     40        100      21.10    20.3461      10.90
     40        101      21.29    19.9193      11.39
     40        102      20.69    20.3170      11.29
     40        103      21.54    20.1761      11.92
     40        104      20.83    20.3843      11.50
     40        105      21.23    20.3126      11.89
     40        106      20.81    20.3255      11.48
     40        107      21.17    20.6466      10.87
     40        108      21.08    19.7514      11.76
     40        109      20.72    20.5199      10.43
     40        110      21.35    20.4336      11.93
     40        111      21.37    20.1391      11.82
     40        112      20.97    20.3168      11.95
     40        113      21.28    20.6179      12.38
     40        114      21.10    20.3272      10.67
     40        115      21.23    20.5440      11.48
     40        116      21.04    20.3536      11.33
     40        117      21.03    20.4946      10.25
     40        118      21.35    20.4876       9.75
     40        119      21.14    20.1987      11.78
     40        120      20.90    20.1228      11.91
     40        121      21.40    20.5387      12.35
     40        122      21.43    20.6386      11.47
     40        123      21.25    20.4386      11.04
     40        124      21.13    20.3994      10.87
     40        125      21.46    20.6090      11.78
     40        126      21.40    20.4820      12.46
     40        127      20.89    20.3976      10.79
     40        128      21.16    20.3090      11.24
     40        129      21.25    20.2709      12.09
     40        130      20.85    20.5506      11.10
     40        131      21.40    20.3977      11.23
     40        132      21.40    20.3557      10.32
     40        133      21.53    20.4330      11.40
     40        134      21.36    20.2309      10.80
     40        135      21.37    20.6699      11.36
     40        136      21.24    20.1962      12.33
     40        137      21.32    20.2132      11.88
     40        138      21.24    20.1910      12.04
     40        139      20.75    20.3699      11.93
     40        140      21.10    20.2567      11.44
     40        141      21.47    20.5459      11.92
     40        142      21.90    20.6037      11.80
     40        143      20.92    20.5693      10.88
     40        144      21.02    20.1580      12.33
     40        145      21.04    20.3412      11.21
     40        146      21.11    20.0905      11.89
     40        147      21.12    20.4848      11.61
     40        148      21.20    20.5148      12.10
     40        149      21.29    20.2837      12.36
     40        150      21.18    20.4600      10.99
     40        151      20.85    20.2623      11.11
     40        152      21.13    20.3558      12.16
     40        153      21.36    20.1511      11.49
     40        154      21.13    20.0743      10.95
     40        155      20.87    19.9504      11.72
     40        156      21.30    20.2208      11.79
     40        157      21.09    20.2985      11.95
     40        158      21.26    20.3612      12.28
     40        159      20.91    20.2299      11.43
     40        160      21.35    20.2465      11.17
     40        161      20.98    20.2900      11.68
     40        162      21.42    20.2748      12.22
     40        163      21.08    20.5174      11.54
     40        164      21.32    20.2023      12.36
     40        165      20.51    20.5935      11.18
     40        166      21.12    20.5289      11.19
     40        167      21.01    20.3712      11.94
     40        168      20.88    20.4460      12.31
     40        169      21.24    20.4659      11.61
     40        170      21.51    19.9851      11.99
     40        171      21.22    20.0787      11.24
     40        172      21.41    20.5236      11.28
     40        173      20.90    20.5955      12.39
     40        174      20.75    20.5054      12.65
     40        175      20.43    20.5540      10.95
     40        176      20.79    19.8460      12.13
     40        177      21.30    20.1354      11.39
     40        178      21.33    20.1933      11.64
     40        179      20.85    20.3700      12.06
     40        180      21.02    20.4720      12.31
     40        181      21.15    20.6878      11.32
     40        182      21.21    20.1005      11.61
     40        183      21.12    20.0063      11.29
     40        184      21.24    20.5875      11.40
     40        185      21.05    20.4506      11.93
     40        186      20.82    20.4568      11.47
     40        187      20.90    20.2015      10.74
     40        188      21.16    20.4806      11.14
     40        189      20.99    20.3202      11.97
     40        190      21.19    20.8398      10.67
     40        191      20.62    20.4622      11.72
     40        192      20.82    20.1698      10.74
     40        193      21.31    20.1686      11.69
     40        194      21.15    20.4320      12.19
     40        195      21.25    20.3058      11.61
     40        196      20.90    20.4780      11.80
     40        197      20.89    20.3469      12.23
     40        198      21.20    20.0809      11.75
     40        199      21.50    20.2912      11.73
     40        200      20.79    20.3706      12.03
     40        201      21.02    20.4316      11.86
     40        202      21.08    20.1129      11.97
     40        203      20.86    20.2725      11.16
     40        204      21.13    20.2629      11.78
     40        205      20.98    20.7162      11.57
     40        206      21.05    20.1654      12.16
     40        207      20.91    20.4556      10.76
     40        208      21.22    20.5308      10.57
     40        209      20.92    20.2174      11.98
     40        210      21.23    20.3364      11.77
     40        211      21.25    20.2438      11.37
     40        212      21.04    20.0531      11.55
     40        213      21.07    20.2366      12.01
     40        214      21.19    19.8783      11.43
     40        215      21.19    20.3899      11.58
     40        216      21.29    20.4670      11.60
     40        217      21.08    20.3987      10.72
     40        218      21.25    20.0803      11.69
     40        219      21.25    20.4962      11.24
     40        220      20.86    20.2638      12.01
     40        221      20.54    20.0245      12.33
     40        222      21.24    20.3251      11.94
     40        223      21.23    20.3203      11.88
     40        224      21.18    20.4985      11.92
     40        225      20.91    20.0248      11.38
     40        226      20.64    20.3487      11.58
     40        227      20.91    20.4706      11.73
     40        228      21.22    20.0563      11.58
     40        229      20.57    20.2986      11.30
     40        230      21.11    20.4116      11.35
     40        231      21.00    20.0015      11.05
     40        232      21.04    20.5329      12.17
     40        233      21.24    20.2452      10.83
     40        234      21.09    20.4926      12.01
     40        235      21.34    20.7569      12.03
     40        236      21.20    20.3360      12.55
     40        237      21.18    19.9256      11.74
     40        238      21.10    19.9503      11.68
     40        239      21.40    20.3967      11.22
     40        240      21.52    20.0215      11.82
     40        241      21.09    20.1133      10.92
     40        242      21.43    20.4449      10.92
     40        243      21.15    20.1076      10.45
     40        244      21.09    20.1270      11.48
     40        245      21.28    20.3700      11.64
     40        246      21.28    20.6294      11.71
     40        247      20.99    20.3172      12.27
     40        248      21.62    20.5883      12.44
     40        249      21.28    20.4531      12.17
     40        250      21.37    20.3092      11.59
     40        251      21.31    20.5035      11.04
     40        252      21.16    20.1684      11.83
     40        253      21.17    20.1822      11.98
     40        254      21.28    20.7066      12.18
     40        255      21.42    20.1648      11.87
     40        256      21.08    20.4363      10.52
     40        257      21.34    20.2267      11.17
     40        258      20.80    20.5167      11.93
     40        259      20.86    20.3240      11.44
     40        260      21.29    20.2044      11.85
     40        261      20.51    20.2511      12.03
     40        262      21.74    20.5134      11.90
     40        263      20.79    20.4630      11.94
     40        264      21.30    20.4754      11.32
     40        265      21.09    20.2594      12.05
     40        266      21.00    19.9494      11.55
     40        267      21.01    20.2917      11.50
     40        268      21.47    20.4761      11.96
     40        269      21.25    20.0998      11.70
     40        270      20.85    20.1058      12.58
     40        271      19.88    20.4607      11.23
     40        272      20.79    20.0607      12.17
     40        273      21.15    20.3783      11.67
     40        274      20.86    20.4609      11.10
     40        275      21.07    20.3739      11.78
     40        276      21.27    20.7077      11.79
     40        277      21.12    20.1308      12.37
     40        278      21.27    20.5338      11.83
     40        279      20.97    20.5277      11.04
     40        280      20.71    20.3108      10.89
     40        281      20.84    20.6131      10.98
     40        282      20.49    20.4320      11.35
     40        283      20.76    20.1460      11.69
     40        284      20.71    20.6125      11.36
     40        285      21.34    20.5764      10.79
     40        286      20.95    20.5685      12.24
     40        287      21.02    20.4785      11.81
     40        288      21.00    20.4757      11.87
     40        289      21.69    20.4135      11.09
     40        290      20.79    20.0230      11.29
     40        291      21.00    20.7722      11.95
     40        292      21.26    20.2816      11.34
     40        293      21.17    20.4020      11.97
     40        294      21.27    20.6147      11.06
     40        295      20.95    20.4550      11.08
     40        296      21.38    20.5540      11.78
     40        297      21.35    20.3853      11.04
     40        298      20.96    20.5477      11.69
     40        299      21.17    20.0684      10.61
     40        300      20.83    20.1756      12.03
     40        301      21.07    20.2819      12.00
     40        302      21.67    20.2301      11.17
     40        303      21.27    20.3183      11.47
     40        304      21.16    20.7368      11.38
     40        305      20.85    20.3085      12.14
     40        306      21.28    20.2790      12.01
     40        307      21.23    20.1317      11.58
     40        308      21.57    20.6112      11.44
     40        309      21.11    20.3370      11.60
     40        310      21.59    20.3665      11.87
     40        311      21.21    20.4426      11.26
     40        312      20.95    20.3272      11.81
     40        313      20.95    20.4704      11.18
     40        314      21.18    20.4401      11.93
     40        315      20.91    20.0336      11.78
     40        316      21.28    20.6676      10.94
     40        317      21.09    20.5081      11.80
     40        318      21.43    20.1190      10.78
     40        319      21.38    20.1446      12.03
     40        320      21.11    20.5428      11.83
     40        321      20.84    20.2775      11.19
     40        322      21.03    20.7254      12.16
     40        323      21.57    20.5025      11.96
     40        324      21.00    20.0519      11.92
     40        325      21.28    20.4289      10.97
     40        326      21.19    19.9329      12.09
     40        327      21.49    19.8522      11.56
     40        328      21.05    20.0973      12.19
     40        329      21.16    20.3700      10.84
     40        330      20.81    20.6024      11.82
     40        331      20.89    20.3155      11.45
     40        332      21.23    20.6009      12.28
     40        333      20.21    20.0295      11.91
     40        334      20.92    20.0514      11.34
     40        335      21.15    20.2400      11.34
     40        336      21.35    20.3924      10.72
     40        337      21.29    20.0740      11.88
     40        338      21.30    20.4900      11.45
     40        339      20.63    20.3175      11.91
     40        340      21.16    20.0086      12.13
     40        341      21.33    20.5069      11.72
     40        342      21.05    20.1767      11.89
     40        343      20.96    20.5274      11.74
     40        344      21.46    20.4930      12.09
     40        345      21.10    20.3669      11.17
     40        346      20.77    20.5571      12.01
     40        347      20.33    20.3093      12.21
     40        348      21.38    20.1468      11.01
     40        349      21.27    20.5637      11.64
     40        350      21.00    20.4005      11.18
     40        351      20.74    20.3921      11.06
     40        352      20.92    20.1877      11.17
     40        353      21.04    20.4001      11.89
     40        354      21.02    20.4477      10.98
     40        355      21.02    20.1047      11.51
     40        356      20.87    20.2845      11.51
     40        357      20.45    20.5142      11.80
     40        358      21.10    20.2189      11.33
     40        359      21.46    20.4055      11.14
     40        360      20.85    20.3092      11.77
     40        361      21.01    20.4977      11.55
     40        362      20.83    20.1996      12.22
     40        363      20.85    20.2845      11.69
     40        364      21.48    20.4733      12.05
     40        365      21.27    20.4623      11.76
     40        366      21.02    20.2819      11.41
     40        367      21.31    19.9702      11.07
     40        368      20.59    20.6056      10.77
     40        369      20.96    20.2709      12.34
     40        370      20.81    20.6266      12.18
     40        371      21.16    20.3666      11.64
     40        372      20.88    19.8670      11.93
     40        373      21.16    20.4801      10.79
     40        374      21.17    20.3143      12.23
     40        375      20.93    20.3206      11.80
     40        376      21.11    20.1826      12.03
     40        377      20.98    20.4070      11.27
     40        378      21.05    20.8537      12.16
     40        379      21.10    20.4300      11.59
     40        380      21.24    20.2494      11.47
     40        381      21.60    20.6065      10.93
     40        382      20.94    20.4503      10.82
     40        383      21.12    20.5041      11.82
     40        384      21.25    20.4613      11.85
     40        385      21.23    20.4486      11.48
     40        386      20.65    20.1006      11.48
     40        387      21.28    20.2198      11.90
     40        388      20.99    20.2165      11.71
     40        389      21.28    20.5095      12.02
     40        390      21.22    20.5528      11.44
     40        391      20.91    20.5184      11.80
     40        392      21.29    20.4280      11.58
     40        393      21.23    20.3813      10.48
     40        394      21.12    20.4231      11.68
     40        395      21.38    20.5273      12.14
     40        396      20.94    20.3562      11.89
     40        397      20.85    20.4520      12.27
     40        398      20.21    19.8314      12.22
     40        399      21.24    20.3215      11.52
     40        400      20.72    20.2131      11.96
     40        401      21.19    20.3094      10.81
     40        402      21.25    20.4449      11.75
     40        403      21.04    20.3771      11.38
     40        404      21.11    20.5307      11.90
     40        405      21.31    20.3382      11.32
     40        406      21.43    20.3711      10.99
     40        407      21.21    19.9402      10.36
     40        408      21.05    20.6373      12.05
     40        409      21.44    20.4969      11.91
     40        410      21.11    20.4395      12.35
     40        411      21.34    20.4983      11.47
     40        412      21.13    20.0641      12.02
     40        413      21.04    20.3619      12.16
     40        414      21.17    20.0610      12.25
     40        415      21.02    20.3299      10.82
     40        416      21.22    20.3440      11.37
     40        417      21.01    20.1058      12.07
     40        418      21.05    20.3130      10.81
     40        419      21.30    20.1062      11.80
     40        420      21.07    20.3664      11.95
     40        421      21.01    20.1846      11.72
     40        422      21.16    20.0393      10.80
     40        423      21.06    20.3894      11.87
     40        424      21.33    20.2096      11.54
     40        425      21.29    20.3089      11.07
     40        426      21.17    20.4746      11.67
     40        427      21.54    20.3992      10.59
     40        428      21.43    20.4157      12.00
     40        429      21.11    20.3602      11.80
     40        430      21.48    20.2206      11.53
     40        431      20.69    20.4743      11.23
     40        432      21.19    20.0172      12.22
     40        433      21.07    20.2335      11.15
     40        434      20.79    20.6904      12.27
     40        435      21.68    20.4877      11.80
     40        436      21.05    20.2377      10.85
     40        437      20.95    20.4656      11.38
     40        438      21.20    20.1743      11.71
     40        439      21.27    20.4139      11.97
     40        440      20.80    20.5693      11.23
     40        441      21.38    20.6331      11.22
     40        442      20.93    20.4030      12.31
     40        443      21.50    20.4376      11.72
     40        444      21.39    20.3905      11.83
     40        445      20.72    20.2037      11.61
     40        446      21.09    20.6506      11.84
     40        447      21.12    20.2863      11.89
     40        448      21.23    20.5816      11.61
     40        449      21.42    20.1901      10.95
     40        450      20.95    20.3679      11.06
     40        451      20.92    20.6100      10.99
     40        452      21.36    20.0597      12.15
     40        453      21.05    20.4595      11.73
     40        454      21.23    20.0558      10.62
     40        455      21.09    20.4899      11.35
     40        456      21.18    20.1889      11.43
     40        457      21.56    20.2859      11.39
     40        458      21.24    20.3391      11.93
     40        459      21.33    20.2543      12.28
     40        460      20.67    20.6184      11.98
     40        461      21.28    20.5951      10.90
     40        462      20.89    20.3681      12.04
     40        463      20.98    20.1465      11.37
     40        464      20.78    20.0106      11.75
     40        465      21.02    20.6230      12.03
     40        466      20.50    20.0479      11.34
     40        467      20.74    20.1600      11.39
     40        468      21.10    20.3738      11.03
     40        469      21.65    20.3492      11.69
     40        470      20.83    20.8732      11.42
     40        471      21.40    20.3454      10.65
     40        472      21.08    20.3702      12.00
     40        473      21.38    20.3217      11.21
     40        474      20.95    20.2071      12.10
     40        475      20.76    20.0831      11.98
     40        476      21.07    20.4353      11.99
     40        477      21.23    20.6595      11.78
     40        478      21.30    20.4836      11.59
     40        479      21.12    20.7647      11.26
     40        480      21.22    20.5104      11.67
     40        481      21.06    20.5345      11.66
     40        482      20.81    20.3440      11.70
     40        483      21.08    20.4612      11.17
     40        484      20.91    19.9630      11.50
     40        485      21.16    20.2914      11.88
     40        486      20.51    20.3003      11.95
     40        487      21.35    20.5221      11.45
     40        488      21.19    20.1077      11.57
     40        489      21.09    20.5432      10.50
     40        490      21.28    20.0900      11.56
     40        491      21.36    20.2378      11.64
     40        492      21.03    20.2745      12.10
     40        493      21.09    20.1233      10.89
     40        494      21.02    20.2166      11.42
     40        495      21.25    20.1273      11.79
     40        496      20.98    20.4920      12.51
     40        497      21.24    20.1007      12.35
     40        498      21.44    20.6095      11.43
     40        499      21.12    20.0044      12.02
     40        500      21.02    20.2481      11.55
