     25          1      16.04    14.7518      10.63
     25          2      16.25    14.5327      11.15
     25          3      15.78    14.3409      12.03
     25          4      15.93    14.3724      11.47
     25          5      15.79    14.7009      11.85
     25          6      15.10    14.9553      10.97
     25          7      16.04    14.4369      12.04
     25          8      15.63    14.7632      10.45
     25          9      15.90    14.8808      11.07
     25         10      15.84    14.8682      11.02
     25         11      16.09    14.3410      11.12
     25         12      15.73    14.6439      12.26
     25         13      15.66    14.5257      11.86
     25         14      15.54    15.2989      11.73
     25         15      15.16    14.8193      11.75
     25         16      15.87    14.8842      11.37
     25         17      15.06    15.0432      11.25
     25         18      15.68    14.6806      12.24
     25         19      16.13    14.7539      11.49
     25         20      15.54    15.0067      11.07
     25         21      15.27    14.6768      10.42
     25         22      15.20    14.3620      11.06
     25         23      15.48    14.6220      10.91
     25         24      15.61    14.8137      11.64
     25         25      15.53    14.5454      11.87
     25         26      15.95    15.1816      10.98
     25         27      14.81    14.1475      12.23
     25         28      15.91    14.8410      10.47
     25         29      15.91    14.9177      11.55
     25         30      16.12    14.9505      10.66
     25         31      15.74    14.9529      11.16
     25         32      15.87    14.7313      10.27
     25         33      16.01    14.9533      11.53
     25         34      15.56    14.3938      11.31
     25         35      15.86    14.8329      10.87
     25         36      15.87    14.4278      10.29
     25         37      16.22    14.9076      12.14
     25         38      15.51    14.5450      11.31
     25         39      15.84    14.9931      11.26
     25         40      15.56    14.4850      11.33
     25         41      15.46    14.1251      11.37
     25         42      16.04    14.7315      11.37
     25         43      15.96    14.8941      10.75
     25         44      16.16    14.7409      11.63
     25         45      16.26    14.6123      10.98
     25         46      15.97    14.6724      10.21
     25         47      15.77    14.3785      11.64
     25         48      15.44    14.7531      11.67
     25         49      15.87    14.8451      12.06
     25         50      15.99    14.5918      11.74
     25         51      15.51    14.8030      11.09
     25         52      15.67    14.1107      11.17
     25         53      15.59    14.8171      12.14
     25         54      15.58    14.0308      12.10
     25         55      15.77    14.5773      11.64
     25         56      15.74    14.9377      11.85
     25         57      15.78    14.7156      11.11
     25         58      15.65    14.7182      11.02
     25         59      15.83    14.8578      11.27
     25         60      15.90    14.6972      11.66
     25         61      15.25    14.5482      10.94
     25         62      15.97    14.9599      11.97
     25         63      15.52    14.5895      11.06
     25         64      15.86    14.5152      12.03
     25         65      15.69    14.7762      11.60
     25         66      15.71    15.0752      10.98
     25         67      15.55    14.8889      11.94
     25         68      16.20    14.5763      11.27
     25         69      15.88    14.9941      10.42
     25         70      15.47    14.8043      10.45
     25         71      15.70    14.8700      10.77
     25         72      16.05    14.4944      10.92
     25         73      15.89    14.7180      11.74
     25         74      15.45    14.2280      10.83
     25         75      15.80    14.0909      11.75
     25         76      15.29    13.8668      11.20
     25         77      16.04    14.4931      11.52
     25         78      15.75    14.6245      10.98
     25         79       0.00     0.0000       0.00
     25         80      15.69    14.5510      12.39
     25         81      15.67    14.6183       9.90
     25         82      16.02    14.6232      11.01
     25         83      15.59    14.6828      11.58
     25         84      15.51    14.6166      11.71
     25         85      15.49    15.0487      11.29
     25         86      15.50    14.7501      11.29
     25         87      15.48    14.8390      11.65
     25         88      15.22    14.3911      11.26
     25         89      15.40    14.5785      11.19
     25         90      15.83    14.4980      11.66
     25         91      15.77    14.8253      12.28
     25         92      16.32    14.4486      10.79
     25         93      16.13    13.6993      11.08
     25         94      15.95    14.8161      12.05
     25         95      15.75    13.7191      11.64
     25         96      15.67    14.8248      11.82
     25         97      15.55    14.6485      11.86
     25         98      15.80    15.2379      11.74
     25         99      15.54    14.9424      11.57
     25        100      15.15    14.6340      11.71
     25        101      16.00    14.5989      11.66
     25        102      15.69    14.5556      11.35
     25        103      15.84    14.4260      12.04
     25        104      16.14    14.8640      11.36
     25        105      15.38    14.2693      10.80
     25        106      15.67    14.3101      10.90
     25        107      16.28    14.6312      10.24
     25        108      15.78    14.8040      11.98
     25        109      16.09    15.0385      10.78
     25        110      15.68    14.0965      12.27
     25        111      15.32    14.5103      12.02
     25        112      15.80    14.6200      11.73
     25        113      15.89    14.8589      12.02
     25        114      15.57    14.4306      10.12
     25        115      15.67    14.8264      11.73
     25        116      15.78    14.8593      11.24
     25        117      16.37    14.9440      10.93
     25        118      15.61    14.3764      11.81
     25        119      16.01    14.5893      12.28
     25        120      15.81    15.0728      10.86
     25        121      16.05    14.7639      12.01
     25        122      15.85    14.6075      11.91
     25        123      15.75    14.7563      11.46
     25        124      15.70    14.7191      11.11
     25        125      16.16    14.6021      11.94
     25        126      16.27    14.9777      11.02
     25        127      16.26    14.4497      12.02
     25        128      15.79    14.5879      11.57
     25        129      16.02    14.7699      12.21
     25        130      15.23    15.0472      11.62
     25        131      15.95    14.3458      11.09
     25        132      15.47    14.8220      11.59
     25        133      15.81    14.5801      11.64
     25        134      15.09    15.0367       9.64
     25        135      15.72    14.4707      11.40
     25        136      15.93    14.7136      11.15
     25        137      16.08    14.4029      11.35
     25        138      16.00    14.9373      10.68
     25        139      15.85    14.9443      11.22
     25        140      15.47    14.1495      11.96
     25        141      15.67    14.3000      10.08
     25        142      15.39    14.4795      11.10
     25        143      16.16    14.9639      11.36
     25        144      15.89    14.8684      11.49
     25        145      15.69    14.2090      11.33
     25        146      16.08    15.0547      11.67
     25        147      16.07    14.9922      11.67
     25        148      15.87    15.1102      10.31
     25        149      15.67    14.8582      11.73
     25        150      15.97    14.7331      12.04
     25        151      15.93    14.7811      11.08
     25        152      15.77    14.8126      12.03
     25        153      15.62    14.3225      11.56
     25        154      15.80    14.6224      10.99
     25        155      15.97    14.3817      10.99
     25        156      15.42    14.5102      10.99
     25        157      15.51    14.3238      10.99
     25        158      15.38    14.6749      10.48
     25        159      16.01    14.4971      12.07
     25        160      15.52    14.7680      11.80
     25        161      16.04    14.4148      10.09
     25        162      15.96    14.5534      11.77
     25        163      15.87    14.7233      11.33
     25        164      15.59    14.7622      11.25
     25        165      15.37    14.8868      10.95
     25        166      15.52    14.9303      11.55
     25        167      15.98    14.6910      10.75
     25        168      15.88    14.7721      11.55
     25        169      15.96    14.7503      11.92
     25        170      15.87    15.0419      11.04
     25        171      15.53    14.8163      11.11
     25        172      16.14    14.7874      10.46
     25        173      15.88    14.4520      11.55
     25        174      16.01    14.9792      10.92
     25        175      16.40    14.8339      11.59
     25        176      15.35    14.4280      11.73
     25        177      15.77    14.7976      11.29
     25        178      15.72    14.4253      11.88
     25        179      15.84    14.8931      11.42
     25        180      15.92    14.7485      11.59
     25        181      15.15    14.4339      11.88
     25        182      16.07    14.5515      11.11
     25        183      15.59    15.0721      11.92
     25        184      15.19    14.7251      11.65
     25        185      15.99    14.7166      11.18
     25        186      16.01    14.2427      11.40
     25        187      15.76    14.6649      10.96
     25        188      15.65    14.4486      11.81
     25        189      15.70    14.3218      12.04
     25        190      15.83    14.7559      10.28
     25        191      16.08    14.7299      10.85
     25        192      15.32    14.7808      11.49
     25        193      15.91    14.6421      10.76
     25        194      15.65    14.5903      11.13
     25        195      16.14    14.5358      10.47
     25        196      15.84    14.7724      11.69
     25        197      16.03    14.3986      10.96
     25        198      15.79    14.9652      10.46
     25        199      15.92    14.9726      11.86
     25        200      15.73    14.9698      11.91
     25        201      15.79    14.6105      12.06
     25        202      16.08    14.5844       9.78
     25        203      16.17    15.0064       9.94
     25        204      15.81    14.8286      12.05
     25        205      15.95    14.5636      11.54
     25        206      15.64    14.6265      11.82
     25        207      15.06    14.5733      12.24
     25        208      16.02    14.5094      10.87
     25        209      15.00    14.9056      11.76
     25        210      15.79    14.2779      11.65
     25        211      15.45    14.7836      11.40
     25        212      15.70    14.6032      11.52
     25        213      16.30    14.8361      11.34
     25        214      15.85    14.9466      11.51
     25        215      16.05    14.8903      10.85
     25        216      15.99    14.8390      11.59
     25        217      15.86    14.6633       9.43
     25        218      16.10    14.5998      11.15
     25        219      15.70    13.9978      11.34
     25        220      15.60    14.2475      12.07
     25        221      15.90    14.9693      10.19
     25        222      15.81    14.1978      12.37
     25        223      15.74    14.9857      12.03
     25        224      15.68    14.1768      12.33
     25        225      15.45    14.5526      11.73
     25        226      15.24    14.6865      11.73
     25        227      15.93    14.7126      11.73
     25        228      15.88    15.1047      11.55
     25        229      15.94    14.8753      10.67
     25        230      15.92    14.8024      11.17
     25        231      16.00    14.9693       9.51
     25        232      16.13    14.9495      10.98
     25        233      15.73    14.3637      10.46
     25        234      16.06    14.5000      10.73
     25        235      15.82    14.7489      10.93
     25        236      15.22    14.8971      11.58
     25        237      15.93    14.8021      11.71
     25        238      15.65    14.5388      11.91
     25        239      16.08    13.9243       9.92
     25        240      15.65    14.7498      10.54
     25        241      15.90    14.2716      10.69
     25        242      15.85    14.6720      10.91
     25        243      16.36    14.4170      11.31
     25        244      15.79    14.7580      11.43
     25        245      15.94    14.6970      10.50
     25        246      15.77    14.6750       9.47
     25        247      15.74    15.0757      11.95
     25        248      16.03    14.9530      11.03
     25        249      15.60    14.7031      11.18
     25        250      14.89    14.2498      11.65
     25        251      15.53    14.8788      11.62
     25        252      15.43    14.8984      11.59
     25        253      15.48    14.7472      10.64
     25        254      15.24    14.3075      11.68
     25        255      16.28    14.4129      11.24
     25        256      16.08    14.8203      11.86
     25        257      15.59    14.6768      10.83
     25        258      15.46    14.8598      11.48
     25        259      15.53    14.6139      10.78
     25        260      15.69    14.6680      12.36
     25        261      15.79    14.7274      10.55
     25        262      16.43    14.6457      12.05
     25        263      15.79    14.6283      11.55
     25        264      15.39    14.6498      10.74
     25        265      15.45    14.7125      11.00
     25        266      15.90    14.4960      11.55
     25        267      15.75    14.3413      11.18
     25        268      15.85    14.8186      12.08
     25        269      16.05    14.4124      11.01
     25        270      15.98    14.8301      12.09
     25        271      15.66    14.7744      10.87
     25        272      15.88    14.8180       9.30
     25        273      16.03    14.9891      11.16
     25        274      15.83    15.0480      11.89
     25        275      16.27    14.6216      12.25
     25        276      15.45    15.1417      11.65
     25        277      15.78    14.5089      11.69
     25        278      15.64    14.4046      11.11
     25        279      16.25    14.5575      11.63
     25        280      15.38    14.7613      12.31
     25        281      15.43    14.5014      11.36
     25        282      15.89    14.3062      10.11
     25        283      15.55    15.2650      12.23
     25        284      15.52    14.1265      11.09
     25        285      16.00    15.2155      11.60
     25        286      15.66    14.4766      11.08
     25        287      15.74    14.5206      11.63
     25        288      15.85    14.6966      11.26
     25        289      15.76    14.5647      11.11
     25        290      15.48    14.6771      11.22
     25        291      15.62    14.2100      11.71
     25        292      15.95    14.6254      11.32
     25        293      15.15    14.6429      11.09
     25        294      15.45    14.7616       9.57
     25        295      16.05    14.5172      10.32
     25        296      15.70    14.4526      11.51
     25        297      16.00    14.5084      10.55
     25        298      15.74    14.5591      11.81
     25        299      15.17    14.8881      11.31
     25        300      16.29    14.5579      10.63
     25        301      15.25    14.6351      11.80
     25        302      15.64    14.5192      12.20
     25        303      15.62    14.6914       9.49
     25        304      16.13    14.0525      11.99
     25        305      15.72    14.4145      10.71
     25        306      16.16    14.4676      11.78
     25        307      15.88    14.2032      10.81
     25        308      15.19    14.7091      12.33
     25        309      15.69    14.8328      11.83
     25        310      15.50    14.6111      10.49
     25        311      15.75    14.5272      11.71
     25        312      15.47    14.6236      12.40
     25        313      16.18    14.6203      10.38
     25        314      15.38    14.4585      11.35
     25        315      15.85    14.9763      11.77
     25        316      15.90    15.0591      10.13
     25        317      16.05    13.9653      11.72
     25        318      15.94    14.6090      11.37
     25        319      15.64    14.7145      11.66
     25        320      15.65    14.7231      11.68
     25        321      15.61    14.4479      11.60
     25        322      15.70    14.7554      11.72
     25        323      15.67    14.4457      11.43
     25        324      15.41    14.5752      11.85
     25        325      15.27    14.1095      11.00
     25        326      15.96    14.1356      11.25
     25        327      15.36    14.7223      11.74
     25        328      15.88    14.8188      11.70
     25        329      16.16    14.3919      10.09
     25        330      16.27    14.4637      11.26
     25        331      16.32    14.7067      11.65
     25        332      16.09    14.6251      12.32
     25        333      16.15    14.7330      11.36
     25        334      15.55    14.9643      11.64
     25        335      16.23    14.6399      12.06
     25        336      15.96    14.5019      10.74
     25        337      15.21    14.9226      11.01
     25        338      15.82    14.9155      10.38
     25        339      15.57    14.9448      11.89
     25        340      16.26    14.7199      11.45
     25        341      16.01    14.5618      11.65
     25        342      15.52    14.6142      10.36
     25        343      15.77    14.7481      10.50
     25        344      15.82    14.9891      11.77
     25        345      15.93    14.8886      10.31
     25        346      16.16    14.7067      11.70
     25        347      15.62    14.5702      10.66
     25        348      15.71    14.9781      11.77
     25        349      15.58    14.4738      10.89
     25        350      15.50    15.0079      11.69
     25        351      15.86    14.8406      11.19
     25        352      15.71    14.8838      11.80
     25        353      15.96    14.9507      12.21
     25        354      15.98    14.3451      11.34
     25        355      16.05    14.5361      10.84
     25        356      15.78    14.8531      11.23
     25        357      15.99    14.5970      11.60
     25        358      15.61    14.4833      10.75
     25        359      15.67    14.1522      11.84
     25        360      15.86    14.6704      11.34
     25        361      15.34    14.6552      11.47
     25        362      15.71    14.7500      11.22
     25        363      15.53    14.6402      11.34
     25        364      16.15    14.2414      11.46
     25        365      15.70    14.5169      12.00
     25        366      15.32    14.6043      10.83
     25        367      15.59    14.2182      10.84
     25        368      15.38    14.0679      10.74
     25        369      15.63    13.7553      11.86
     25        370      15.38    14.5099      10.88
     25        371      15.77    15.1206      11.89
     25        372      15.73    14.7788      11.68
     25        373      15.41    14.7457      11.45
     25        374      16.03    14.2516      12.01
     25        375      15.86    14.8145       9.65
     25        376      15.93    14.9729      11.77
     25        377      15.66    14.9461      11.88
     25        378      15.38    14.7204      10.69
     25        379      15.93    14.7495      11.10
     25        380      15.64    14.6000      10.73
     25        381      15.53    14.6941      11.96
     25        382      15.35    14.6733      10.69
     25        383      15.85    14.9060      11.53
     25        384      16.08    14.2833      10.87
     25        385      15.66    14.6458      10.79
     25        386      15.59    14.5608      12.24
     25        387      16.29    14.6606      11.65
     25        388      14.67    14.8034      11.03
     25        389      15.87    14.7917      12.20
     25        390      15.62    14.5292      11.42
     25        391      15.33    14.6418      11.06
     25        392      15.71    14.6630      10.94
     25        393      16.05    14.4915      10.67
     25        394      15.99    14.6638      10.64
     25        395      15.28    14.4184      11.30
     25        396      15.69    14.3398      11.51
     25        397      14.60    14.6806      10.31
     25        398      15.79    14.5666      11.34
     25        399      15.70    15.0846      10.84
     25        400      15.45    14.1308       9.50
     25        401      15.72    14.7798       9.97
     25        402      15.76    14.2436      11.21
     25        403      15.81    14.8620      11.53
     25        404      15.76    14.4461      11.34
     25        405      16.01    14.8973      11.64
     25        406      15.93    14.6529      11.88
     25        407      16.10    14.8970      10.98
     25        408      16.04    14.9911      11.86
     25        409      15.87    14.6985      10.28
     25        410      15.76    13.9131      12.04
     25        411      15.84    14.7608      11.83
     25        412      15.12    14.8029      10.50
     25        413      15.62    13.9971      11.37
     25        414      15.59    14.1562      10.92
     25        415      15.77    14.7215      10.91
     25        416      15.92    14.2975      10.66
     25        417      15.80    14.5648      11.03
     25        418      15.71    14.6094      11.56
     25        419      16.05    14.0436      11.72
     25        420      15.30    14.7649      11.36
     25        421      15.83    14.8512      11.91
     25        422      15.69    14.9842      11.02
     25        423      14.55    14.0253      10.92
     25        424      15.81    14.7218      11.22
     25        425      15.86    14.8513      10.96
     25        426      16.00    14.6475      11.94
     25        427      15.45    14.4872      10.55
     25        428      15.91    14.9508      11.43
     25        429      15.76    14.1482      11.11
     25        430      15.65    14.6374      12.23
     25        431      16.04    14.4685      11.29
     25        432      15.95    14.2598      11.05
     25        433      15.82    14.8613      11.23
     25        434      15.67    14.6100       9.76
     25        435      16.01    15.0568      11.80
     25        436      16.03    14.0606      11.90
     25        437      15.38    14.4054      11.44
     25        438      15.85    14.9595      12.04
     25        439      16.00    15.1996      11.50
     25        440      15.83    14.6566      11.25
     25        441      15.95    14.4924      10.65
     25        442      15.85    14.4860      11.52
     25        443      15.65    14.3978      11.42
     25        444      15.79    14.8296      11.86
     25        445      15.46    14.6445      10.50
     25        446      16.23    14.2759      11.08
     25        447      15.99    14.6447      11.05
     25        448      15.55    15.0701      10.11
     25        449      15.70    14.7997      11.36
     25        450      16.14    14.3851      11.38
     25        451      16.05    14.7613      10.52
     25        452      16.35    14.7663      10.73
     25        453      15.46    14.5839      10.81
     25        454      16.03    14.8001      11.58
     25        455      15.81    14.7564      11.56
     25        456      15.81    14.6500      11.70
     25        457      15.41    14.6565       9.67
     25        458      15.60    14.7937      11.66
     25        459      15.39    14.9945      11.04
     25        460      15.83    14.1360      12.07
     25        461      16.30    14.8136      11.46
     25        462      15.73    14.8636      10.99
     25        463      15.82    14.6876      11.26
     25        464      15.61    14.3756      11.73
     25        465      15.77    14.4623      11.93
     25        466      16.10    14.7920      11.20
     25        467      15.80    14.9548      11.53
     25        468      15.99    15.0274      11.06
     25        469      15.63    14.5831      10.89
     25        470      15.82    14.6900      10.95
     25        471      15.81    15.1101      11.16
     25        472      15.23    14.8022      11.79
     25        473      15.70    14.2830      11.61
     25        474      15.51    14.6584      10.95
     25        475      16.12    14.8370      10.96
     25        476      15.72    14.6955      11.72
     25        477      15.73    14.3582      10.80
     25        478      16.18    14.5017      11.28
     25        479      15.29    14.9663      11.63
     25        480      15.49    14.4276      11.52
     25        481      15.76    14.4606      11.99
     25        482      15.90    14.6878      11.59
     25        483      15.62    14.8253      11.05
     25        484      15.82    14.5379      11.75
     25        485      16.12    14.6540      12.27
     25        486      16.06    14.7193      11.42
     25        487      15.84    14.6669      10.39
     25        488      16.08    14.2948      10.25
     25        489      15.92    14.9402      12.35
     25        490      15.81    14.7258      11.87
     25        491      15.27    14.6493      11.83
     25        492      15.55    14.8997      10.74
     25        493      15.92    14.2288      12.00
     25        494      16.11    14.7550      11.68
     25        495      15.46    14.5892      11.82
     25        496      16.04    14.4692      12.10
     25        497      16.03    14.2023      12.20
     25        498      15.10    15.0348      11.78
     25        499      16.00    14.6271      12.47
     25        500      15.90    14.3815      11.27
