     25          1      16.32    15.3347      11.12
     25          2      16.51    15.2451      11.47
     25          3      16.18    14.9719      12.24
     25          4      16.32    15.2139      11.65
     25          5      16.15    15.3457      12.12
     25          6      15.59    15.5454      11.60
     25          7      16.28    15.0511      12.21
     25          8      15.96    15.3389      11.12
     25          9      16.26    15.5757      11.38
     25         10      16.12    15.4340      11.47
     25         11      16.37    15.1258      11.56
     25         12      16.08    15.3675      12.39
     25         13      16.10    15.3366      12.02
     25         14      15.86    15.8620      11.96
     25         15      15.68    15.6215      12.02
     25         16      16.15    15.4111      11.68
     25         17      15.48    15.7063      11.54
     25         18      16.04    15.4468      12.34
     25         19      16.51    15.4849      11.71
     25         20      15.85    15.5437      11.48
     25         21      15.69    15.3526      10.99
     25         22      15.67    15.0819      11.51
     25         23      15.84    15.2726      11.49
     25         24      15.89    15.4071      11.98
     25         25      15.88    15.3284      12.03
     25         26      16.30    15.7268      11.36
     25         27      15.25    14.9997      12.38
     25         28      16.25    15.4402      10.98
     25         29      16.20    15.4240      11.80
     25         30      16.48    15.5879      11.19
     25         31      16.08    15.5299      11.57
     25         32      16.15    15.3704      10.86
     25         33      16.40    15.5612      11.84
     25         34      15.93    15.1584      11.59
     25         35      16.24    15.4318      11.31
     25         36      16.27    15.3385      10.78
     25         37      16.53    15.5884      12.32
     25         38      15.86    15.2770      11.62
     25         39      16.17    15.5604      11.59
     25         40      15.88    15.1867      11.57
     25         41      15.87    15.0124      11.57
     25         42      16.32    15.4130      11.62
     25         43      16.22    15.5501      11.10
     25         44      16.46    15.4885      11.78
     25         45      16.58    15.3176      11.42
     25         46      16.28    15.4652      10.75
     25         47      16.10    15.1135      11.84
     25         48      15.91    15.3496      11.88
     25         49      16.23    15.5514      12.24
     25         50      16.45    15.3538      12.06
     25         51      15.97    15.5616      11.42
     25         52      16.14    15.0244      11.46
     25         53      15.98    15.5337      12.30
     25         54      15.96    14.9617      12.25
     25         55      16.07    15.3690      11.84
     25         56      16.10    15.5261      12.07
     25         57      16.13    15.4020      11.51
     25         58      16.05    15.3370      11.49
     25         59      16.36    15.5798      11.71
     25         60      16.25    15.4031      11.85
     25         61      15.76    15.2103      11.36
     25         62      16.37    15.6333      12.13
     25         63      16.05    15.3810      11.37
     25         64      16.25    15.1735      12.23
     25         65      16.13    15.4265      11.92
     25         66      16.03    15.7033      11.29
     25         67      15.87    15.5647      12.08
     25         68      16.51    15.3266      11.58
     25         69      16.15    15.5616      10.88
     25         70      15.89    15.4370      10.98
     25         71      16.03    15.4228      11.20
     25         72      16.38    15.4269      11.18
     25         73      16.23    15.4770      11.89
     25         74      15.80    15.0409      11.12
     25         75      16.09    14.9279      11.99
     25         76      15.75    14.8741      11.53
     25         77      16.46    15.1603      11.79
     25         78      16.15    15.3250      11.49
     25         79      16.06    14.7918      11.72
     25         80      15.98    15.3135      12.52
     25         81      16.08    15.3114      10.51
     25         82      16.29    15.2844      11.30
     25         83      15.97    15.2746      11.88
     25         84      15.86    15.3997      11.92
     25         85      15.80    15.7167      11.55
     25         86      15.90    15.4838      11.60
     25         87      15.92    15.4872      11.85
     25         88      15.70    15.3543      11.47
     25         89      15.90    15.3077      11.47
     25         90      16.28    15.3141      11.93
     25         91      16.10    15.4509      12.39
     25         92      16.56    15.2070      11.18
     25         93       0.00     0.0000       0.00
     25         94      16.29    15.5000      12.24
     25         95       0.00     0.0000       0.00
     25         96      16.10    15.4243      12.03
     25         97      16.02    15.4371      12.06
     25         98      16.15    15.7611      11.95
     25         99      15.90    15.5715      11.82
     25        100      15.76    15.3973      12.00
     25        101      16.34    15.2676      11.92
     25        102      16.10    15.2506      11.65
     25        103      16.20    15.2910      12.21
     25        104      16.38    15.5092      11.58
     25        105      15.87    15.0986      11.29
     25        106      15.97    14.9564      11.46
     25        107      16.60    15.3476      10.95
     25        108      16.12    15.6444      12.10
     25        109      16.37    15.6489      11.15
     25        110      16.11    14.9898      12.42
     25        111      15.68    15.2942      12.19
     25        112      16.15    15.3209      11.93
     25        113      16.21    15.5244      12.20
     25        114      15.98    15.2198      10.77
     25        115      16.06    15.4898      11.94
     25        116      16.09    15.5447      11.52
     25        117      16.62    15.5138      11.30
     25        118      15.93    15.1256      12.07
     25        119      16.33    15.2155      12.47
     25        120      16.11    15.6435      11.27
     25        121      16.35    15.4006      12.23
     25        122      16.24    15.3093      12.14
     25        123      16.19    15.4660      11.85
     25        124      16.12    15.4502      11.50
     25        125      16.45    15.1957      12.21
     25        126      16.52    15.6609      11.25
     25        127      16.56    15.2455      12.17
     25        128      16.25    15.4185      11.80
     25        129      16.28    15.4122      12.36
     25        130      15.70    15.6222      11.87
     25        131      16.36    15.1180      11.40
     25        132      15.85    15.4794      11.82
     25        133      16.14    15.2126      11.90
     25        134      15.58    15.5166      10.32
     25        135      16.05    15.1829      11.68
     25        136      16.28    15.3630      11.59
     25        137      16.38    15.1989      11.61
     25        138      16.33    15.5510      11.25
     25        139      16.21    15.4743      11.75
     25        140      15.87    15.0255      12.14
     25        141      16.02    15.0288      10.88
     25        142      15.85    15.1588      11.43
     25        143      16.45    15.4067      11.76
     25        144      16.15    15.4981      11.71
     25        145      16.04    14.8577      11.71
     25        146      16.40    15.4746      11.97
     25        147      16.37    15.5005      11.93
     25        148      16.28    15.6534      10.84
     25        149      16.03    15.3911      11.98
     25        150      16.26    15.3608      12.22
     25        151      16.25    15.3722      11.54
     25        152      16.14    15.4347      12.20
     25        153      15.95    15.0835      11.78
     25        154      16.18    15.3027      11.61
     25        155      16.23    15.0689      11.49
     25        156      15.75    15.2831      11.28
     25        157      15.99    15.0613      11.56
     25        158      15.81    15.4167      10.89
     25        159      16.26    15.3058      12.18
     25        160      16.02    15.5412      11.99
     25        161      16.33    15.1266      10.68
     25        162      16.26    15.3803      11.93
     25        163      16.19    15.3908      11.58
     25        164      15.95    15.3970      11.58
     25        165      15.77    15.4832      11.37
     25        166      15.94    15.5159      11.84
     25        167      16.28    15.3763      11.10
     25        168      16.23    15.4085      11.80
     25        169      16.21    15.4257      12.03
     25        170      16.29    15.7156      11.33
     25        171      15.96    15.4999      11.72
     25        172      16.52    15.5118      10.82
     25        173      16.19    15.0997      11.82
     25        174      16.42    15.6102      11.23
     25        175      16.65    15.5021      11.79
     25        176      15.88    15.2319      12.02
     25        177      16.04    15.4796      11.54
     25        178      16.05    15.3714      12.02
     25        179      16.25    15.5035      11.82
     25        180      16.28    15.4097      11.88
     25        181      15.67    15.2711      12.13
     25        182      16.38    15.3032      11.53
     25        183      16.11    15.8132      12.21
     25        184      15.63    15.4003      11.97
     25        185      16.28    15.4960      11.35
     25        186      16.43    15.0716      11.67
     25        187      16.06    15.2955      11.52
     25        188      16.04    15.1138      12.05
     25        189      16.09    15.0768      12.22
     25        190      16.22    15.5518      10.73
     25        191      16.36    15.3557      11.21
     25        192      15.77    15.5669      11.75
     25        193      16.28    15.3296      11.08
     25        194      16.01    15.3170      11.56
     25        195      16.48    15.2265      11.01
     25        196      16.18    15.4189      12.03
     25        197      16.31    15.1472      11.46
     25        198      16.21    15.6136      10.87
     25        199      16.24    15.5270      12.19
     25        200      16.02    15.6623      12.03
     25        201      16.06    15.4404      12.20
     25        202      16.35    15.3777      10.32
     25        203      16.52    15.6351      10.61
     25        204      16.15    15.4514      12.23
     25        205      16.23    15.1900      11.81
     25        206      15.95    15.2756      12.04
     25        207      15.53    15.3539      12.37
     25        208      16.47    15.2716      11.28
     25        209      15.59    15.5065      11.97
     25        210      16.13    15.0916      11.88
     25        211      15.84    15.3999      11.72
     25        212      16.04    15.2741      11.77
     25        213      16.60    15.4693      11.64
     25        214      16.18    15.7221      11.70
     25        215      16.38    15.6016      11.15
     25        216      16.31    15.5164      11.79
     25        217      16.19    15.2030      10.65
     25        218      16.45    15.3339      11.44
     25        219      16.05    15.0715      11.57
     25        220      15.87    15.0347      12.25
     25        221      16.21    15.5012      11.02
     25        222      16.19    15.2040      12.50
     25        223      16.10    15.7240      12.20
     25        224      16.25    15.0965      12.47
     25        225      15.78    15.2835      11.93
     25        226      15.70    15.2563      12.09
     25        227      16.20    15.4188      11.90
     25        228      16.23    15.5938      11.87
     25        229      16.25    15.6168      11.07
     25        230      16.28    15.5041      11.44
     25        231      16.39    15.5345      10.66
     25        232      16.41    15.5778      11.27
     25        233      16.01    15.0470      11.00
     25        234      16.31    15.3389      10.97
     25        235      16.20    15.4379      11.43
     25        236      15.64    15.5032      11.81
     25        237      16.27    15.4379      11.94
     25        238      16.03    15.3678      12.05
     25        239       0.00     0.0000       0.00
     25        240      16.03    15.3511      11.13
     25        241      16.25    14.8156      11.10
     25        242      16.17    15.3667      11.41
     25        243      16.65    15.0681      11.74
     25        244      16.24    15.5752      11.65
     25        245      16.26    15.4088      10.92
     25        246      16.13    15.2797      10.36
     25        247      16.12    15.6669      12.10
     25        248      16.36    15.5281      11.57
     25        249      16.06    15.3972      11.47
     25        250      15.34    15.0804      11.88
     25        251      15.87    15.6766      11.82
     25        252      15.82    15.5581      11.84
     25        253      15.96    15.3421      11.05
     25        254      15.67    15.0396      11.93
     25        255      16.56    15.1746      11.56
     25        256      16.44    15.4415      12.07
     25        257      15.98    15.2975      11.32
     25        258      16.00    15.5209      11.70
     25        259      15.96    15.3281      11.19
     25        260      16.02    15.2844      12.49
     25        261      16.13    15.4479      10.96
     25        262      16.72    15.3976      12.19
     25        263      16.07    15.5231      11.64
     25        264      15.80    15.4157      11.12
     25        265      15.81    15.3921      11.33
     25        266      16.22    15.2516      11.77
     25        267      16.12    15.2478      11.44
     25        268      16.19    15.4941      12.24
     25        269      16.48    15.1404      11.36
     25        270      16.26    15.4586      12.29
     25        271      15.96    15.5493      11.17
     25        272      16.13    15.3773      10.47
     25        273      16.38    15.6082      11.45
     25        274      16.13    15.6875      12.05
     25        275      16.52    15.4496      12.35
     25        276      15.81    15.6437      11.87
     25        277      16.13    15.2829      11.95
     25        278       0.00     0.0000       0.00
     25        279      16.53    15.3126      11.85
     25        280      15.89    15.4121      12.46
     25        281      15.88    15.3256      11.63
     25        282      16.25    14.8749      10.75
     25        283      15.94    15.8382      12.41
     25        284      15.87    15.0074      11.45
     25        285      16.26    15.7092      11.80
     25        286      16.11    15.2300      11.36
     25        287      16.11    15.2907      11.86
     25        288      16.10    15.2945      11.57
     25        289      16.05    15.2672      11.41
     25        290      16.03    15.3641      11.48
     25        291      16.05    14.9549      11.95
     25        292      16.38    15.3927      11.57
     25        293      15.67    15.2865      11.56
     25        294      15.77    15.3349      10.87
     25        295      16.36    15.1371      10.99
     25        296      16.13    15.2154      11.89
     25        297      16.28    15.3234      10.90
     25        298      16.02    15.2511      11.98
     25        299      15.68    15.5089      11.58
     25        300      16.56    15.3070      10.98
     25        301      15.63    15.3929      12.01
     25        302      16.03    15.3699      12.32
     25        303      16.07    15.4304      10.62
     25        304      16.46    14.7896      12.16
     25        305      16.08    15.1750      11.18
     25        306      16.51    15.1457      12.02
     25        307      16.18    14.9768      11.25
     25        308      15.59    15.4038      12.48
     25        309      16.03    15.4424      12.12
     25        310      15.82    15.3378      10.99
     25        311      16.08    15.3311      11.92
     25        312      15.88    15.2256      12.60
     25        313      16.42    15.2134      11.07
     25        314      15.78    15.1817      11.59
     25        315      16.23    15.6772      11.96
     25        316      16.20    15.6107      11.00
     25        317       0.00     0.0000       0.00
     25        318      16.22    15.4720      11.51
     25        319      16.06    15.4447      11.83
     25        320      16.05    15.4497      11.91
     25        321      16.09    15.2140      11.82
     25        322      16.04    15.3836      11.98
     25        323      16.12    15.1742      11.72
     25        324      15.72    15.3338      12.05
     25        325      15.72    15.0226      11.41
     25        326      16.22    15.0632      11.42
     25        327      15.83    15.5011      11.92
     25        328      16.29    15.4793      11.90
     25        329      16.42    15.2588      10.68
     25        330      16.55    15.3110      11.48
     25        331      16.54    15.4579      11.78
     25        332      16.43    15.3389      12.46
     25        333      16.44    15.4769      11.59
     25        334      15.96    15.6581      11.88
     25        335      16.52    15.3049      12.27
     25        336      16.28    15.1685      11.19
     25        337      15.57    15.5950      11.36
     25        338      16.11    15.4697      10.95
     25        339      15.99    15.4952      12.08
     25        340      16.56    15.3879      11.87
     25        341      16.37    15.4090      11.83
     25        342      15.87    15.2047      11.04
     25        343      16.13    15.4617      11.05
     25        344      16.08    15.7148      11.93
     25        345      16.25    15.4542      10.90
     25        346      16.47    15.4050      11.85
     25        347      15.95    15.2676      11.13
     25        348      16.01    15.5377      12.00
     25        349      16.09    15.2482      11.34
     25        350      15.84    15.6259      11.91
     25        351      16.23    15.5332      11.60
     25        352      16.08    15.5595      11.97
     25        353      16.25    15.6057      12.35
     25        354      16.27    15.1194      11.57
     25        355      16.34    15.0372      11.33
     25        356      16.25    15.5898      11.76
     25        357      16.41    15.3588      11.77
     25        358      16.01    15.2073      11.16
     25        359      16.05    15.0529      12.02
     25        360      16.22    15.3935      11.62
     25        361      15.80    15.3087      11.74
     25        362      16.10    15.3458      11.62
     25        363      15.90    15.3494      11.61
     25        364      16.52    15.0020      11.77
     25        365      16.05    15.2417      12.25
     25        366      15.83    15.2432      11.28
     25        367      16.08    15.2021      11.22
     25        368      15.86    15.0816      11.10
     25        369      16.06    14.7814      12.13
     25        370      15.74    15.2457      11.30
     25        371      16.16    15.6952      12.22
     25        372      16.10    15.4072      12.06
     25        373      15.78    15.4613      11.72
     25        374      16.40    15.0580      12.20
     25        375      16.25    15.4824      10.60
     25        376      16.27    15.5117      12.00
     25        377      16.01    15.6556      12.02
     25        378      15.81    15.3083      11.19
     25        379      16.25    15.3766      11.45
     25        380      16.00    15.3623      11.17
     25        381      15.99    15.3644      12.15
     25        382      15.80    15.3119      11.15
     25        383      16.24    15.5389      11.86
     25        384      16.37    14.9462      11.32
     25        385      16.04    15.2887      11.36
     25        386      16.05    15.3642      12.37
     25        387      16.60    15.3807      11.85
     25        388      15.26    15.4743      11.40
     25        389      16.13    15.5050      12.23
     25        390      16.02    15.3504      11.65
     25        391      15.80    15.3749      11.65
     25        392      16.14    15.4017      11.27
     25        393      16.29    15.1601      11.06
     25        394      16.30    15.3152      11.15
     25        395      15.65    15.2013      11.53
     25        396      16.04    15.1239      11.79
     25        397      15.10    15.3825      10.91
     25        398      16.15    15.2497      11.73
     25        399      16.09    15.6277      11.29
     25        400      15.81    14.9643      10.38
     25        401      16.11    15.4575      10.68
     25        402      16.04    15.0956      11.49
     25        403      16.09    15.4871      11.76
     25        404      16.08    15.1953      11.55
     25        405      16.31    15.4911      11.83
     25        406      16.24    15.4506      12.07
     25        407      16.46    15.5073      11.36
     25        408      16.29    15.5693      12.10
     25        409      16.26    15.4698      10.87
     25        410      16.09    14.8312      12.17
     25        411      16.20    15.3390      12.01
     25        412      15.56    15.3934      11.08
     25        413      15.98    14.7815      11.64
     25        414      15.97    14.9504      11.25
     25        415      16.11    15.4417      11.24
     25        416      16.34    15.1740      11.05
     25        417      16.21    15.3111      11.48
     25        418      16.04    15.3056      11.81
     25        419      16.30    14.9042      11.90
     25        420      15.74    15.4312      11.64
     25        421      16.12    15.4617      12.06
     25        422      15.96    15.5082      11.50
     25        423      15.16    14.8643      11.42
     25        424      16.10    15.4181      11.51
     25        425      16.25    15.5322      11.40
     25        426      16.41    15.3459      12.15
     25        427      15.87    15.2298      10.94
     25        428      16.20    15.5756      11.76
     25        429      16.11    15.0656      11.37
     25        430      16.05    15.2745      12.45
     25        431      16.36    15.3467      11.48
     25        432      16.28    15.2273      11.29
     25        433      16.19    15.5197      11.55
     25        434      16.01    15.3493      10.44
     25        435      16.33    15.6964      11.98
     25        436      16.36    14.9798      12.09
     25        437      15.93    15.2019      11.81
     25        438      16.16    15.5952      12.20
     25        439      16.28    15.7765      11.77
     25        440      16.16    15.3319      11.64
     25        441      16.29    15.2366      10.97
     25        442      16.22    15.2399      11.76
     25        443      16.04    15.0188      11.74
     25        444      16.08    15.5124      12.02
     25        445      15.90    15.3069      11.08
     25        446      16.44    15.0425      11.24
     25        447      16.33    15.3118      11.41
     25        448      15.90    15.7010      10.67
     25        449      16.02    15.4565      11.70
     25        450      16.41    15.2624      11.60
     25        451      16.30    15.4540      10.86
     25        452      16.59    15.4159      11.10
     25        453      15.82    15.2705      11.24
     25        454      16.42    15.6240      11.74
     25        455      16.15    15.3310      11.99
     25        456      16.14    15.3634      11.93
     25        457      15.75    15.3884      10.62
     25        458      16.00    15.4021      11.88
     25        459      15.83    15.5227      11.39
     25        460      16.11    15.1752      12.17
     25        461      16.56    15.5022      11.63
     25        462      16.09    15.4392      11.29
     25        463      16.14    15.3262      11.54
     25        464      15.93    15.1384      11.94
     25        465      16.13    15.3146      12.10
     25        466      16.46    15.3886      11.52
     25        467      16.15    15.5623      11.79
     25        468      16.34    15.4941      11.65
     25        469      15.88    15.3785      10.98
     25        470      16.19    15.3963      11.29
     25        471      16.15    15.6453      11.52
     25        472      15.66    15.5957      11.97
     25        473      16.04    15.1655      11.85
     25        474      15.84    15.2502      11.44
     25        475      16.37    15.6267      11.27
     25        476      16.12    15.4269      11.93
     25        477      16.07    15.1726      11.18
     25        478      16.44    15.2183      11.51
     25        479      15.66    15.5950      11.87
     25        480      15.89    15.3063      11.73
     25        481      16.14    15.1832      12.18
     25        482      16.29    15.3157      11.80
     25        483      15.98    15.6262      11.28
     25        484      16.14    15.3518      11.95
     25        485      16.49    15.4517      12.42
     25        486      16.42    15.3729      11.77
     25        487      16.17    15.3570      11.05
     25        488      16.43    15.0472      10.84
     25        489      16.19    15.5924      12.51
     25        490      16.19    15.3462      12.11
     25        491      15.67    15.3118      12.06
     25        492      15.97    15.5606      11.22
     25        493      16.28    15.0454      12.21
     25        494      16.46    15.4709      11.83
     25        495      15.83    15.1782      12.11
     25        496      16.35    15.3369      12.26
     25        497      16.32    15.1058      12.34
     25        498      15.59    15.6411      11.98
     25        499      16.31    15.4099      12.59
     25        500      16.21    15.1283      11.56
