     35          1      19.37    22.1931      11.96
     35          2      19.73    22.2117      10.53
     35          3      19.30    22.3766      10.36
     35          4      19.75    22.2161      10.48
     35          5      19.63    22.2871      10.54
     35          6      19.42    22.1975      11.01
     35          7      19.13    22.2559      10.94
     35          8      19.40    22.2521      11.18
     35          9      19.43    22.3535      10.53
     35         10      19.39    22.3370      11.84
