     30          1      17.33    15.6684      11.85
     30          2      17.71    16.5450      11.33
     30          3      17.68    16.5089      12.20
     30          4      17.28    16.1375      10.91
     30          5      17.48    16.6563      11.37
     30          6      17.70    16.5313      11.12
     30          7      17.53    16.1941      11.68
     30          8      17.68    16.4497      11.73
     30          9      17.65    16.2544      11.10
     30         10      17.80    16.2702      11.22
     30         11      18.16    16.1314      11.23
     30         12      17.73    16.4873      11.51
     30         13      17.66    15.9260      11.44
     30         14      17.53    15.8276      10.61
     30         15      17.65    16.5258      11.72
     30         16      17.83    16.2477      12.10
     30         17      17.78    15.8991      11.33
     30         18      17.62    16.3822      11.30
     30         19      17.29    16.6671      11.53
     30         20      17.21    15.5457      11.68
     30         21      17.89    16.4209      11.57
     30         22      17.27    16.1195      11.55
     30         23      17.12    16.2019      11.07
     30         24      16.53    16.2285      11.26
     30         25      17.89    16.0676      10.94
     30         26      17.01    16.2616      10.77
     30         27      17.79    16.4223      11.58
     30         28      16.78    16.6712      10.59
     30         29      17.77    16.3581      11.14
     30         30      16.93    16.7680      11.50
     30         31      16.93    16.5506      11.68
     30         32      17.58    15.9877      11.62
     30         33      17.63    16.3149      11.77
     30         34      17.81    16.2154      11.04
     30         35      17.39    16.7842      11.40
     30         36      17.47    16.1735      12.19
     30         37      16.97    16.5596      11.56
     30         38      17.40    16.5497      10.54
     30         39      17.15    16.2872      11.75
     30         40      17.19    16.1907      11.26
     30         41      17.52    16.0470      11.36
     30         42      17.33    16.3066      11.54
     30         43      17.15    16.5606      11.56
     30         44      17.34    16.1320      11.25
     30         45      17.78    16.3216      11.79
     30         46      16.89    16.4448      11.52
     30         47      17.32    15.8492      10.96
     30         48      17.39    16.2105      10.27
     30         49      17.64    16.2858      10.40
     30         50      17.72    15.9954      10.85
     30         51      17.20    16.2862      10.53
     30         52      17.15    15.9110      11.29
     30         53      17.61    16.2108      11.29
     30         54      17.39    16.2268      11.57
     30         55      17.88    16.3841      12.26
     30         56      17.51    16.4926      10.38
     30         57      17.57    16.3671      12.28
     30         58      17.95    16.3079      11.18
     30         59      17.66    16.6169      11.65
     30         60      17.47    16.4360      11.31
     30         61      17.96    16.2134       9.98
     30         62      17.48    16.0542      11.19
     30         63      17.53    16.3824      11.69
     30         64      17.87    16.3957      11.01
     30         65      17.57    16.4065      10.45
     30         66      17.58    16.0450      10.77
     30         67      17.99    16.1883      11.95
     30         68      17.16    16.4635      11.26
     30         69      17.42    16.5696      10.75
     30         70      17.52    16.2950      11.47
     30         71      17.80    16.5776      12.26
     30         72      17.44    16.7521      11.30
     30         73      17.79    16.6204      11.51
     30         74      17.51    16.7344       9.68
     30         75      17.41    15.8151      10.81
     30         76      17.70    16.3332      12.25
     30         77      17.25    16.1920      11.94
     30         78      17.61    16.4082      11.87
     30         79      17.36    16.2667      11.52
     30         80      17.66    16.5644      10.55
     30         81      17.30    16.0538      10.18
     30         82      16.88    16.3110      11.37
     30         83      17.47    16.4604       8.95
     30         84      17.64    16.6512      10.33
     30         85      17.19    16.6745      11.54
     30         86      16.86    16.3093      11.36
     30         87      17.35    16.5733      11.72
     30         88      17.25    16.6967      12.19
     30         89      17.45    16.2057      11.18
     30         90      17.53    16.4988      10.83
     30         91      17.48    16.4627      11.42
     30         92      17.12    16.7508      11.38
     30         93      17.75    16.5722      10.59
     30         94      17.45    16.3772      11.76
     30         95      17.52    16.6147      10.88
     30         96      17.13    16.0955      11.05
     30         97      17.36    16.0332      11.01
     30         98      17.67    16.8088      10.88
     30         99      17.46    16.0033      11.51
     30        100      17.17    16.3313      11.85
     30        101      17.17    15.8749      11.15
     30        102      17.65    16.3937      11.46
     30        103      17.03    16.4326      10.72
     30        104      17.23    16.4218      11.09
     30        105      17.72    16.4545      12.00
     30        106      17.24    16.3694      11.68
     30        107      17.20    16.6629      11.08
     30        108      17.73    16.1978      10.13
     30        109      17.63    16.1675      11.95
     30        110      17.69    16.5294      12.03
     30        111      17.70    16.4994      11.76
     30        112      17.56    16.2146      11.79
     30        113      17.59    16.2224      11.75
     30        114      17.61    16.4216      10.40
     30        115      16.78    16.5079      12.00
     30        116      17.48    16.4898      11.91
     30        117      17.38    15.9318       9.95
     30        118      17.65    16.1846      11.55
     30        119      17.63    16.6959      10.69
     30        120      17.28    15.8461      10.50
     30        121      17.56    16.2346      10.70
     30        122      17.96    16.8283      11.07
     30        123      17.22    16.1223      11.07
     30        124      17.43    16.8267      11.97
     30        125      17.14    16.1825      11.68
     30        126      17.18    16.3451      11.38
     30        127      17.13    16.2621      11.37
     30        128      17.51    16.6984      11.76
     30        129      17.09    16.7420      11.70
     30        130      17.50    16.6955      11.43
     30        131      17.38    16.4816      10.90
     30        132      17.58    16.3757      11.26
     30        133      17.85    16.4401      12.34
     30        134      17.52    16.2296      11.87
     30        135      17.14    16.2962      12.04
     30        136      17.30    16.4097      11.48
     30        137      17.39    16.1783      10.71
     30        138      17.57    16.6046      10.26
     30        139      17.39    16.6526      10.98
     30        140      16.50    15.9897      12.34
     30        141      17.26    16.2132      12.10
     30        142      17.20    16.4234      11.86
     30        143      17.32    16.7508      10.78
     30        144      17.26    16.3523      11.77
     30        145      17.46    16.4348      10.36
     30        146      17.21    16.5763      11.40
     30        147      17.74    16.5791      11.67
     30        148      17.37    16.5323      11.92
     30        149      17.57    16.7428      11.22
     30        150      17.52    16.2033      11.28
     30        151      17.43    15.9759      12.31
     30        152      17.85    16.4844      11.77
     30        153      17.65    15.5498      11.43
     30        154      16.98    16.0304      12.43
     30        155      17.34    16.0592      11.56
     30        156      17.47    16.0842      10.98
     30        157      17.68    16.2371      11.26
     30        158      17.22    16.4986      11.51
     30        159      17.19    16.3522      11.42
     30        160      17.48    16.6126      10.03
     30        161      17.52    16.5751      11.45
     30        162      17.28    16.6849      10.74
     30        163      17.59    16.5076      11.77
     30        164      17.17    16.2884      11.54
     30        165      17.33    16.5298      10.41
     30        166      17.32    16.7352      10.54
     30        167      17.63    16.4408      11.39
     30        168      17.90    16.2616      11.91
     30        169      17.32    16.4468      11.64
     30        170      17.51    16.0448      10.94
     30        171      17.48    16.4118      10.36
     30        172      17.39    15.9198      11.35
     30        173      17.72    16.6406      11.07
     30        174      16.95    16.2993      11.82
     30        175      17.65    16.2688      12.09
     30        176      17.26    16.3098      10.82
     30        177      17.42    16.4499      11.91
     30        178      16.97    16.3585      10.48
     30        179      17.20    16.6816      11.73
     30        180      17.61    16.3453      11.50
     30        181      17.63    16.6131      12.09
     30        182      17.75    16.1951      10.88
     30        183      17.30    16.3171      11.01
     30        184      17.56    16.2149      10.85
     30        185      17.88    16.4387      10.25
     30        186      17.47    16.4417      12.44
     30        187      17.35    16.1907      11.09
     30        188      17.00    16.5325      11.92
     30        189      17.73    16.2694      10.87
     30        190      17.73    15.8906      11.57
     30        191      17.59    15.4218      12.15
     30        192      17.07    15.9356      11.34
     30        193      17.50    16.2093      12.17
     30        194      17.66    16.1605      11.23
     30        195      17.18    15.4057      11.85
     30        196      17.70    16.4354      11.38
     30        197      17.66    16.2728      11.32
     30        198      16.92    16.1961      10.97
     30        199      17.07    16.2422      11.68
     30        200      17.04    16.4252      11.62
     30        201      17.52    16.2357      10.44
     30        202      17.48    16.2484      11.95
     30        203      17.66    16.1888      11.70
     30        204      17.84    16.1485      11.83
     30        205      17.18    16.4504      11.57
     30        206      17.55    16.4505      10.46
     30        207      17.56    16.2149      11.86
     30        208      17.53    16.2763      10.22
     30        209      17.69    16.3352      11.69
     30        210      17.89    16.4169      10.81
     30        211      16.88    16.4680      11.94
     30        212      17.47    16.2381      11.94
     30        213      17.41    16.3734      11.79
     30        214      18.22    16.6385      11.53
     30        215      17.85    16.0835      11.42
     30        216      17.41    16.0937      12.02
     30        217      17.11    16.4291      10.77
     30        218      17.76    15.9619      10.42
     30        219      17.52    16.3144      10.76
     30        220      17.67    16.3597      11.75
     30        221      17.69    16.2361      11.58
     30        222      17.22    16.3458      10.78
     30        223      17.57    16.3374      12.13
     30        224      17.35    16.5411      11.12
     30        225      17.25    16.3549      10.66
     30        226      17.19    15.8795      11.32
     30        227      17.30    16.3281      11.05
     30        228      17.50    16.3169      11.44
     30        229      16.68    16.4795      10.93
     30        230      17.27    16.0707      10.35
     30        231      17.38    15.4689      11.69
     30        232      17.70    16.3368      10.99
     30        233      17.00    16.4601      10.88
     30        234      17.13    16.4076      11.46
     30        235      17.14    16.3854      11.61
     30        236      17.81    15.9505      11.68
     30        237      17.39    16.1810      11.34
     30        238      17.46    16.3145      10.41
     30        239      18.06    16.6161      11.76
     30        240      17.76    16.3179      12.36
     30        241      17.83    16.4038      11.26
     30        242      17.70    15.9887      11.37
     30        243      17.30    15.8752      11.64
     30        244      17.41    16.4137      12.02
     30        245      17.60    16.5835      11.25
     30        246      17.34    16.5066      12.24
     30        247      17.43    16.2325      11.57
     30        248      17.31    16.3185      11.53
     30        249      17.48    16.4248      11.63
     30        250      16.86    15.6868      11.87
     30        251      17.59    16.4615      10.59
     30        252      17.48    16.4081      11.79
     30        253      17.67    16.3386      11.69
     30        254      17.61    15.8403      10.39
     30        255      17.20    15.4347      10.17
     30        256      17.55    16.4979      10.79
     30        257      17.97    16.4856      11.01
     30        258      17.51    16.1035      10.68
     30        259      17.12    16.4947      11.33
     30        260      17.44    16.4940      11.81
     30        261      17.25    16.0524      12.25
     30        262      17.68    16.3583      11.25
     30        263      17.05    16.4995      11.42
     30        264      17.36    16.4826      10.58
     30        265      17.89    16.2466      10.78
     30        266      17.36    16.7628      11.83
     30        267      17.38    16.3457      10.39
     30        268      17.66    16.5278      11.71
     30        269      17.53    16.1909      10.49
     30        270      16.64    16.4193      11.74
     30        271      17.41    16.7605      11.71
     30        272      17.45    16.4178      10.56
     30        273      17.52    16.0151      11.96
     30        274      16.99    16.1513      11.80
     30        275      17.43    16.3998      12.36
     30        276      17.50    16.5906      11.06
     30        277      17.14    16.3854      12.00
     30        278      17.62    16.3689      11.10
     30        279      17.46    16.1612      12.21
     30        280      17.62    16.1187      11.43
     30        281      17.70    15.9990      11.27
     30        282      17.57    16.4102      11.47
     30        283      17.20    16.0452      11.45
     30        284      17.35    16.5877      10.36
     30        285      16.97    16.3047      12.24
     30        286      17.10    16.4938      11.35
     30        287      17.42    16.5123      11.09
     30        288      17.33    16.1606      11.55
     30        289      17.24    16.5571      11.17
     30        290      17.49    16.5044      10.84
     30        291      17.32    16.2874      11.19
     30        292      17.63    16.2651      11.71
     30        293      17.48    16.2065      10.52
     30        294      17.45    16.5319      11.07
     30        295      17.32    16.4253      11.39
     30        296      17.15    16.4417      10.95
     30        297      17.77    16.1204      12.29
     30        298      17.76    16.0320      10.41
     30        299      16.78    16.0581      11.14
     30        300      17.87    16.2495      11.13
     30        301      16.70    16.0844      12.07
     30        302      17.00    16.5120      11.99
     30        303      17.44    16.2025      11.49
     30        304      17.03    16.3209      11.20
     30        305      17.61    16.1614      10.86
     30        306      17.80    16.4342      11.55
     30        307      16.98    15.9289      12.01
     30        308      17.92    16.2799      10.66
     30        309      16.87    15.8684      11.02
     30        310      17.91    16.0506      11.05
     30        311      17.28    16.5426      11.40
     30        312      17.62    16.5604      12.38
     30        313      17.29    16.4363      11.41
     30        314      16.99    16.1755      11.68
     30        315      17.43    16.2081      11.60
     30        316      17.47    15.9736      10.85
     30        317      17.47    16.1486      12.23
     30        318      17.60    16.2385      11.56
     30        319      17.24    16.4924      10.61
     30        320      16.91    15.8652      10.86
     30        321      17.78    16.0563      10.57
     30        322      17.57    16.3110      12.01
     30        323      17.30    16.7229      12.03
     30        324      17.78    16.4712      11.26
     30        325      16.83    16.2444      11.26
     30        326      17.28    16.1741      11.55
     30        327      17.93    16.7148      11.72
     30        328      17.60    16.0848      11.48
     30        329      16.87    16.4319      11.83
     30        330      17.76    16.0962      11.62
     30        331      16.77    16.1006      10.59
     30        332      17.58    16.4550      11.37
     30        333      17.59    16.4022       9.49
     30        334      17.28    15.7405      11.61
     30        335      17.70    16.3285      11.41
     30        336      17.97    16.4720      11.68
     30        337      17.02    16.6764      10.68
     30        338      16.85    16.1797      11.82
     30        339      17.32    16.1427      11.69
     30        340      17.47    16.5662      11.05
     30        341      17.58    16.2060      10.80
     30        342      17.48    16.1953      11.12
     30        343      17.48    16.4627      11.48
     30        344      17.40    16.3795      10.41
     30        345      16.91    16.1627      11.69
     30        346      17.53    16.2541      11.47
     30        347      17.10    16.3691      12.35
     30        348      17.58    16.4887       9.61
     30        349      17.31    16.3373      11.95
     30        350      17.35    16.4328      10.66
     30        351      17.76    16.5420      10.19
     30        352      17.52    16.4334      11.34
     30        353      17.32    16.5434      10.76
     30        354      18.03    16.3511      11.14
     30        355      17.78    16.4531      11.63
     30        356      17.50    16.1665      11.05
     30        357      17.05    16.3677      11.09
     30        358      17.55    16.8999      11.71
     30        359      17.56    16.2960      11.10
     30        360      17.18    15.7558      11.97
     30        361      17.03    15.9166      11.09
     30        362      17.62    16.3308       9.82
     30        363      17.20    16.5308      11.65
     30        364      17.51    16.4411      11.67
     30        365      17.37    15.8681      11.60
     30        366      17.18    16.1286      11.24
     30        367      17.48    16.2968      11.42
     30        368      17.26    16.0014      11.24
     30        369      17.07    16.4726      11.75
     30        370      17.37    16.2075      11.42
     30        371      16.84    16.3591      11.60
     30        372      17.30    15.6508      11.05
     30        373      17.29    16.4704      11.51
     30        374      17.72    16.3596      11.32
     30        375      17.52    16.1098      12.06
     30        376      17.69    16.2287      11.80
     30        377      17.61    15.9419      11.27
     30        378      17.65    16.1236      11.60
     30        379      17.35    16.2709      11.00
     30        380      17.49    16.1648      11.04
     30        381      17.60    16.7160      11.38
     30        382      17.49    16.4534      12.21
     30        383      17.52    16.4074      11.76
     30        384      17.37    16.0955       9.77
     30        385      17.35    15.8682      10.64
     30        386      17.43    15.9700      12.14
     30        387      17.12    16.5780      10.58
     30        388      17.70    16.2028      11.82
     30        389      17.48    16.5260      11.48
     30        390      17.60    15.7670      11.90
     30        391      17.60    16.6635      12.19
     30        392      16.97    16.2608      10.59
     30        393      17.35    16.8530      11.70
     30        394      17.44    16.1313      11.79
     30        395      17.48    16.2226      10.96
     30        396      17.66    16.4347      12.22
     30        397      17.66    15.9900      11.51
     30        398      17.67    16.3477      11.61
     30        399      17.82    16.6645      11.72
     30        400      17.60    16.5144      11.53
     30        401      17.34    16.6068      11.88
     30        402      17.45    16.3130      11.11
     30        403      17.45    16.3570      11.68
     30        404      17.45    15.8047      11.79
     30        405      17.55    16.1494      10.39
     30        406      17.67    16.1640      11.76
     30        407      17.16    15.9926      11.10
     30        408      17.04    16.0989      10.43
     30        409      17.59    16.6769      11.48
     30        410      17.62    16.1493      10.74
     30        411      17.51    16.2649      11.60
     30        412      17.73    16.5174      12.08
     30        413      17.90    16.0798      10.87
     30        414      17.12    16.0970      11.92
     30        415      17.50    16.0491      12.23
     30        416      17.59    16.6045      11.72
     30        417      17.64    16.4197      11.37
     30        418      17.49    16.4526      12.05
     30        419      17.31    16.6655      10.58
     30        420      17.88    16.1614      11.37
     30        421      17.46    16.2203      11.88
     30        422      17.66    16.0316      11.90
     30        423      17.57    16.0020      10.69
     30        424      16.82    15.8091      12.32
     30        425      17.63    15.8805      10.87
     30        426      17.24    16.4091      12.44
     30        427      17.53    16.3892      11.65
     30        428      17.89    16.3870      11.25
     30        429      17.33    16.3810      11.46
     30        430      17.60    15.7960      11.93
     30        431      16.94    16.0682      11.41
     30        432      17.45    16.5237      12.06
     30        433      17.31    16.1746      11.41
     30        434      17.46    16.3530      11.43
     30        435      17.61    16.6788      10.51
     30        436      17.23    16.3181      12.29
     30        437      17.36    16.1868      11.30
     30        438      17.72    16.3312      10.22
     30        439      17.55    16.7979      12.06
     30        440      17.39    16.3826      10.22
     30        441      17.74    16.2880      10.33
     30        442      17.18    16.5466      11.49
     30        443      17.29    16.3571      11.62
     30        444      17.20    16.2581      12.33
     30        445      17.25    16.0600      11.53
     30        446      17.22    16.6142      11.77
     30        447      17.75    16.5454      11.55
     30        448      17.68    16.4786      11.19
     30        449      17.29    16.1977      11.75
     30        450      17.61    16.6837      11.24
     30        451      18.07    15.8162      11.89
     30        452      17.18    16.5517      10.60
     30        453      17.41    16.3825      11.59
     30        454      17.52    16.7740      11.64
     30        455      17.39    16.3718      10.96
     30        456      17.28    16.2252      11.55
     30        457      17.65    16.1510      11.31
     30        458      17.40    16.1765      11.32
     30        459      17.40    16.7413      11.29
     30        460      17.46    16.6268      10.91
     30        461      16.77    16.1711      11.05
     30        462      17.44    16.5106      11.10
     30        463      17.50    16.6055       9.95
     30        464      17.85    16.1072      11.61
     30        465      17.03    15.9846      12.04
     30        466      17.70    16.2901      11.57
     30        467      17.61    16.7129      11.96
     30        468      17.55    16.4980      12.13
     30        469      17.65    16.2350      10.74
     30        470      17.63    16.4582      12.13
     30        471      17.38    16.3761      11.68
     30        472      17.17    16.0458      11.04
     30        473      17.78    15.8523      10.82
     30        474      16.94    16.1888      11.70
     30        475      17.66    16.0727      11.83
     30        476      17.42    15.9661      10.86
     30        477      17.14    15.7593      11.83
     30        478      17.19    16.5356       9.71
     30        479      17.71    15.8799      11.64
     30        480      17.28    16.3608      12.11
     30        481      17.86    15.8137      10.81
     30        482      17.03    16.6585      10.23
     30        483      17.28    16.1773      11.41
     30        484      17.22    16.2988      12.09
     30        485      17.64    16.6350      10.10
     30        486      17.43    16.1462      10.97
     30        487      17.29    16.4210      10.81
     30        488      17.39    16.8626      12.42
     30        489      17.25    15.9701      10.92
     30        490      17.36    16.1428      10.80
     30        491      17.52    16.3891      10.28
     30        492      17.38    16.4484      10.58
     30        493      16.03    16.1098      11.47
     30        494      17.48    16.5018      11.60
     30        495      17.42    16.1917      11.40
     30        496      17.43    15.9066      10.95
     30        497      17.76    16.3947      10.69
     30        498      17.36    15.8447      11.08
     30        499      17.76    16.4020      11.46
     30        500      17.43    15.8288      11.76
