     45          1      22.84    22.1135      11.73
     45          2      22.88    22.1847      12.11
     45          3      22.80    21.9755      11.33
     45          4      22.75    21.7490      11.87
     45          5      22.58    22.0925      12.17
     45          6      22.69    22.1309      12.18
     45          7      22.82    22.0103      11.67
     45          8      22.83    22.0471      11.40
     45          9      22.58    22.2449      11.75
     45         10      22.86    21.9870      11.97
     45         11      22.58    22.0284      12.02
     45         12      22.95    22.0098      11.92
     45         13      22.61    22.2299      11.20
     45         14      22.96    22.2375      12.06
     45         15      23.00    22.0216      11.90
     45         16      22.60    21.9551      11.55
     45         17      23.16    22.2286      11.91
     45         18      22.89    21.9563      11.52
     45         19      22.58    21.6719      11.83
     45         20      22.97    22.3467      12.72
     45         21      22.65    22.0751      12.04
     45         22      22.91    21.8325      12.33
     45         23      22.83    21.7129      11.55
     45         24      22.60    21.6460      11.67
     45         25      22.92    22.0197      10.74
     45         26      22.96    22.0114      11.29
     45         27      22.61    22.0753      10.85
     45         28      23.21    21.5426      11.76
     45         29      22.94    22.1991      10.84
     45         30      23.01    21.5363      11.55
     45         31      22.45    21.9626      11.19
     45         32      22.73    21.9898      12.31
     45         33      22.42    21.9172      12.25
     45         34      22.70    22.0470      11.57
     45         35      22.72    21.9378      11.40
     45         36      22.75    22.1880      11.32
     45         37      22.85    22.1386      11.57
     45         38      22.89    22.2169      12.23
     45         39      22.38    21.8248      12.25
     45         40      22.65    22.0810      12.20
     45         41      22.92    21.8756      11.05
     45         42      22.43    22.2863      11.75
     45         43      22.95    22.5137      11.10
     45         44      22.64    21.7612      10.20
     45         45      22.83    22.2269      11.96
     45         46      22.68    21.7164      11.94
     45         47      22.65    21.9562      11.13
     45         48      23.07    22.2792      11.78
     45         49      23.31    21.5200      11.78
     45         50      22.61    21.7122      10.84
     45         51      22.91    22.3026      11.87
     45         52      22.99    22.1899      11.21
     45         53      22.92    22.1582      11.58
     45         54      22.86    22.1854      10.77
     45         55      22.94    22.0447      11.75
     45         56      22.30    22.1989      11.19
     45         57      22.96    21.9881      10.99
     45         58      22.72    21.8441      11.69
     45         59      22.37    22.0709      12.31
     45         60      22.82    21.9992      12.27
     45         61      22.95    21.9835      10.61
     45         62      22.96    22.1883      11.92
     45         63      22.42    21.7707      10.56
     45         64      22.76    22.1012      10.22
     45         65      22.40    22.0049      11.23
     45         66      21.94    22.1895      11.68
     45         67      22.61    21.8870      12.07
     45         68      22.99    21.8931      11.32
     45         69      22.75    21.8637      11.80
     45         70      22.70    21.9401      10.64
     45         71      22.88    22.0034      11.96
     45         72      22.45    21.9543      12.30
     45         73      22.87    22.0116      11.75
     45         74      22.87    21.8397      12.08
     45         75      22.92    22.1431      11.35
     45         76      23.10    21.8155      11.12
     45         77      22.36    22.0984      11.17
     45         78      22.75    22.0640      11.66
     45         79      23.04    22.0329      12.05
     45         80      22.59    22.2507      10.89
     45         81      22.90    21.9144      12.43
     45         82      22.69    22.0705      11.21
     45         83      23.10    21.8543      11.99
     45         84      22.58    21.9844      10.79
     45         85      22.51    21.9510      11.75
     45         86      22.79    22.0075      12.22
     45         87      22.65    22.2354      11.22
     45         88      22.77    21.6449      11.46
     45         89      23.03    22.2494      10.47
     45         90      22.58    22.1261      12.39
     45         91      22.08    21.7581      11.65
     45         92      22.91    22.1591      11.77
     45         93      22.63    22.0755      11.19
     45         94      23.02    21.9985      11.67
     45         95      23.21    21.8103      11.68
     45         96      22.66    21.7927      11.98
     45         97      21.92    21.9087      11.96
     45         98      22.67    22.0777      10.28
     45         99      22.60    22.0996      11.76
     45        100      22.47    21.9281      11.55
     45        101      22.75    22.1876      10.58
     45        102      22.58    22.1233      10.94
     45        103      22.59    22.2353      11.81
     45        104      22.88    22.0899      10.76
     45        105      23.09    22.1738      11.73
     45        106      22.76    21.8906      12.15
     45        107      22.18    22.4370      11.85
     45        108      22.55    21.7868      11.07
     45        109      22.66    22.0342      11.75
     45        110      22.70    21.8542      11.27
     45        111      23.20    21.7498      11.14
     45        112      22.52    22.0748      11.21
     45        113      22.21    22.1299      11.35
     45        114      22.63    21.9449      11.12
     45        115      22.85    22.3537      11.54
     45        116      23.03    22.1093      11.81
     45        117      22.40    21.8913      12.31
     45        118      22.67    22.0760      12.17
     45        119      22.70    22.1747      11.05
     45        120      22.78    22.0616      11.83
     45        121      22.86    22.0526      11.69
     45        122      23.13    21.9760      12.01
     45        123      22.93    21.9184      12.00
     45        124      22.78    21.9276      11.95
     45        125      22.55    22.1651      11.42
     45        126      22.82    21.8374      12.20
     45        127      22.58    22.1492      11.47
     45        128      23.00    21.7427      11.68
     45        129      23.19    22.0030      12.25
     45        130      22.83    22.0035      11.44
     45        131      22.67    21.9644      11.09
     45        132      22.87    21.7623      11.26
     45        133      22.51    22.2189      12.16
     45        134      22.41    22.0283      11.59
     45        135      22.88    21.8929      11.64
     45        136      23.03    21.5140      11.55
     45        137      22.48    21.9080      12.17
     45        138      22.83    22.0839      11.76
     45        139      22.40    22.0603      11.43
     45        140      22.91    22.0983      11.04
     45        141      22.90    22.0262      11.96
     45        142      22.67    21.7824      10.84
     45        143      22.95    22.2365      12.13
     45        144      23.01    22.1877      11.80
     45        145      22.37    22.3729      11.61
     45        146      22.92    22.0589      12.05
     45        147      22.41    21.9126      11.28
     45        148      22.71    21.6638      12.35
     45        149      22.45    21.8542      11.68
     45        150      22.50    21.9334      11.69
     45        151      23.23    21.6791      11.67
     45        152      22.63    21.7768      12.00
     45        153      22.35    22.1216      12.40
     45        154      22.52    21.9789      12.05
     45        155      22.70    22.2546      12.19
     45        156      22.44    21.8895      12.12
     45        157      22.40    21.9680      11.50
     45        158      23.07    21.9158      11.58
     45        159      22.41    21.8580      11.83
     45        160      22.50    22.1459      11.00
     45        161      22.77    22.0419      11.84
     45        162      23.01    22.1994      11.44
     45        163      22.97    22.3364      10.89
     45        164      22.33    21.5525      10.97
     45        165      22.47    22.0709      11.11
     45        166      22.86    22.2037      11.99
     45        167      22.60    22.1863      12.40
     45        168      22.71    21.9188      11.41
     45        169      22.96    22.0894      11.71
     45        170      22.69    21.9662      11.57
     45        171      22.44    22.0483      11.80
     45        172      22.92    22.1719      11.31
     45        173      22.76    22.2102      11.38
     45        174      23.20    22.1247      11.18
     45        175      22.70    22.1071      11.70
     45        176      22.86    21.9808      11.55
     45        177      22.70    21.8296      11.40
     45        178      22.26    22.1912      11.48
     45        179      23.23    21.7566      11.80
     45        180      22.52    22.0033      12.06
     45        181      22.57    21.9063      12.09
     45        182      22.29    22.2960      11.51
     45        183      22.90    21.9954      11.53
     45        184      22.54    22.1871      11.19
     45        185      22.43    21.8175      12.29
     45        186      22.81    21.6535      10.72
     45        187      22.60    21.9589      11.47
     45        188      22.91    21.8290      11.97
     45        189      22.20    22.3764      10.71
     45        190      23.02    22.2084      11.98
     45        191      22.55    21.9913      10.98
     45        192      22.99    21.7554      10.81
     45        193      22.58    22.1268      11.68
     45        194      22.64    21.4952      11.47
     45        195      22.93    21.7769      11.05
     45        196      22.94    21.9289      11.18
     45        197      22.23    22.0033      10.85
     45        198      23.03    22.1720      10.38
     45        199      22.89    21.8949      11.76
     45        200      22.84    21.8542      12.15
     45        201      22.67    22.2322      11.22
     45        202      22.93    22.0295      11.61
     45        203      23.02    21.7137      11.02
     45        204      22.78    22.0467      12.25
     45        205      22.77    22.2193      11.86
     45        206      23.02    21.8620      12.18
     45        207      22.42    22.1123      11.12
     45        208      22.96    22.0076      11.81
     45        209      23.01    22.4065      11.44
     45        210      22.52    22.0228      11.78
     45        211      22.42    22.2138      12.33
     45        212      23.13    22.0830      11.06
     45        213      22.65    21.7959      10.96
     45        214      22.69    22.2139      11.44
     45        215      22.90    21.7518      11.46
     45        216      23.08    21.8005      11.47
     45        217      22.79    21.5037      11.81
     45        218      22.96    21.7838      12.13
     45        219      22.87    21.8871      11.43
     45        220      22.73    21.7770      12.64
     45        221      22.65    21.9934      11.85
     45        222      22.83    21.7674      11.69
     45        223      22.66    22.0355      10.26
     45        224      22.99    21.7236      11.90
     45        225      22.79    21.7485      10.98
     45        226      22.74    21.7432      11.03
     45        227      22.80    22.1715      11.49
     45        228      22.76    21.5969      11.49
     45        229      22.70    22.0794      10.38
     45        230      22.90    22.2662      11.71
     45        231      22.80    21.8746      11.84
     45        232      22.93    22.0028      12.14
     45        233      23.12    21.9324      11.56
     45        234      22.56    21.9387      11.60
     45        235      22.84    22.1779      11.97
     45        236      23.06    22.0383      11.08
     45        237      22.68    21.6469      11.34
     45        238      23.07    22.1035      10.96
     45        239      22.61    21.7970      11.20
     45        240      22.71    22.2169      11.88
     45        241      22.55    21.7909      11.52
     45        242      22.55    22.0896      11.65
     45        243      22.88    22.0075      12.07
     45        244      22.68    22.0556      10.92
     45        245      22.74    21.8481      12.30
     45        246      22.71    22.1052      12.17
     45        247      22.76    22.0412      11.72
     45        248      22.81    22.1841      11.53
     45        249      22.94    21.9466      12.03
     45        250      22.52    22.0094      11.99
     45        251      22.92    22.1326      11.88
     45        252      23.09    22.0766      12.24
     45        253      22.57    21.4486      11.15
     45        254      22.78    21.8799      12.29
     45        255      22.56    21.9851      12.15
     45        256      22.61    22.0318      11.31
     45        257      23.23    22.0246      11.36
     45        258      22.40    21.9123      11.20
     45        259      23.13    22.1834      11.71
     45        260      22.35    21.8017      11.39
     45        261      22.88    21.9812      11.42
     45        262      22.79    21.6431      11.84
     45        263      23.07    22.0488      10.62
     45        264      22.87    22.1322      11.86
     45        265      22.62    21.7358      10.51
     45        266      22.64    21.8895      10.76
     45        267      22.80    21.6988      11.45
     45        268      22.55    22.1381      11.89
     45        269      22.69    22.0290      11.35
     45        270      22.56    22.1933      11.86
     45        271      23.07    21.7390      10.92
     45        272      22.53    21.9515      11.22
     45        273      22.35    22.2553      12.31
     45        274      22.54    22.4631      12.15
     45        275      22.84    22.2334      10.76
     45        276      22.61    22.0158      11.29
     45        277      22.50    22.0279      11.87
     45        278      22.20    22.0174      12.01
     45        279      22.40    21.5466      11.22
     45        280      22.84    21.8885      11.19
     45        281      22.93    22.1547      11.80
     45        282      22.77    21.6892      11.96
     45        283      22.45    22.0441      11.82
     45        284      21.87    21.5533      11.71
     45        285      22.68    22.1790      10.97
     45        286      23.07    22.0365      10.91
     45        287      22.49    21.9467      11.95
     45        288      22.32    22.0725      11.80
     45        289      23.02    22.1461      10.88
     45        290      22.65    22.3408      12.24
     45        291      22.78    22.3030      11.87
     45        292      22.88    21.8734      11.49
     45        293      22.90    21.8018      11.92
     45        294      22.14    21.6414      11.82
     45        295      22.98    21.8670      12.60
     45        296      22.69    21.9693      11.92
     45        297      22.85    22.2121      11.45
     45        298      23.13    21.8934      11.42
     45        299      22.36    22.1997      11.73
     45        300      22.62    22.1459      11.58
     45        301      22.82    21.9046      11.39
     45        302      22.60    21.9398      11.44
     45        303      23.06    22.0453      11.24
     45        304      22.45    22.0094      11.05
     45        305      22.68    21.8124      12.02
     45        306      22.63    21.9374      11.54
     45        307      23.02    21.9466      12.30
     45        308      22.63    22.0787      11.70
     45        309      22.53    21.8013      11.39
     45        310      22.78    22.0458      11.25
     45        311      22.52    22.1755      12.35
     45        312      22.81    21.8364      11.09
     45        313      22.52    21.8539      11.23
     45        314      22.91    22.1877      11.78
     45        315      22.51    21.9258      11.80
     45        316      22.76    21.9993      11.90
     45        317      22.65    22.2491      11.60
     45        318      22.65    21.9566      11.53
     45        319      22.52    21.7495      12.46
     45        320      22.80    21.9045      11.31
     45        321      22.61    21.9794      11.86
     45        322      22.54    22.1517      11.37
     45        323      22.56    21.9095      11.73
     45        324      22.65    22.2027      11.07
     45        325      22.64    21.5847      11.11
     45        326      23.07    21.9116      12.46
     45        327      22.64    22.1795      11.11
     45        328      22.56    22.2814      11.40
     45        329      23.01    22.1354      12.42
     45        330      22.41    21.9279      11.84
     45        331      22.57    22.0882      11.67
     45        332      23.04    21.8131      11.88
     45        333      23.03    22.0079      11.65
     45        334      22.66    21.9472      11.94
     45        335      22.66    22.0037      12.08
     45        336      22.49    21.5861      12.27
     45        337      22.93    22.3940      12.42
     45        338      22.56    21.7688      11.57
     45        339      23.20    22.1186      11.16
     45        340      22.97    21.9016      11.52
     45        341      22.48    22.0632      12.31
     45        342      22.82    22.3428      11.09
     45        343      22.66    21.8705      11.84
     45        344      22.63    21.8255      11.37
     45        345      22.60    22.1456      10.83
     45        346      23.07    22.5216      11.86
     45        347      23.08    22.1310      11.45
     45        348      22.53    22.1723      11.98
     45        349      23.03    22.1119      11.85
     45        350      22.90    22.4012      10.79
     45        351      22.99    21.9720      11.82
     45        352      22.71    22.1492      11.57
     45        353      22.79    21.7291      12.01
     45        354      22.59    22.1228      11.47
     45        355      22.82    21.5902      11.95
     45        356      22.86    21.6267      11.98
     45        357      22.75    22.1480      11.82
     45        358      22.38    22.2034      11.82
     45        359      23.06    22.3268      12.14
     45        360      22.43    22.1881      11.65
     45        361      22.75    22.1137      11.59
     45        362      22.54    22.1309      10.39
     45        363      22.81    21.7523      11.69
     45        364      22.95    22.0568      11.23
     45        365      22.72    22.2046      12.09
     45        366      22.68    21.9476      11.78
     45        367      22.86    21.7035      11.47
     45        368      23.02    22.3212      12.30
     45        369      22.86    21.7510      12.20
     45        370      23.11    21.8448      11.91
     45        371      22.30    22.0574      11.38
     45        372      22.60    21.8838      12.22
     45        373      23.04    21.9482      12.02
     45        374      22.68    21.9638      10.80
     45        375      22.82    21.9642      10.81
     45        376      22.36    22.1673      11.76
     45        377      22.96    22.1559      11.18
     45        378      22.91    21.7837      11.27
     45        379      22.08    21.9724      12.14
     45        380      22.70    22.4868      11.70
     45        381      22.99    21.5917      12.06
     45        382      22.66    21.8920      11.41
     45        383      22.88    21.8225      11.69
     45        384      22.94    22.1140      11.93
     45        385      22.81    22.1191      11.29
     45        386      22.98    22.0052      11.36
     45        387      22.72    21.8120      12.24
     45        388      22.84    21.9174      11.88
     45        389      22.65    22.1838      10.98
     45        390      22.98    22.5104      12.50
     45        391      23.15    21.9136      11.00
     45        392      22.49    22.0817      11.70
     45        393      22.90    21.8081      11.45
     45        394      23.16    22.1768      11.61
     45        395      22.78    22.2966      11.74
     45        396      23.23    22.1668      11.24
     45        397      23.44    22.2829      11.21
     45        398      22.97    22.2710      11.57
     45        399      22.79    21.6069      11.34
     45        400      22.80    22.2876      12.44
     45        401      22.66    22.3846      11.21
     45        402      22.79    22.0422      11.41
     45        403      22.84    21.9920      11.38
     45        404      22.77    22.2009      11.42
     45        405      22.83    22.1543      12.19
     45        406      22.60    22.3574      10.82
     45        407      22.82    22.2922      12.36
     45        408      22.93    21.2280      12.40
     45        409      22.99    21.9004      11.81
     45        410      22.93    21.8617      12.26
     45        411      22.71    21.6760      10.59
     45        412      23.00    22.2458      11.36
     45        413      22.71    22.2358      11.69
     45        414      22.80    22.0737      12.14
     45        415      22.78    22.2034      11.43
     45        416      21.94    22.1056      11.93
     45        417      22.76    22.2441      12.11
     45        418      22.80    21.8084      11.46
     45        419      22.10    22.2108      11.02
     45        420      22.97    22.2770      12.25
     45        421      22.79    22.0703      11.48
     45        422      22.77    21.5924      12.36
     45        423      22.60    21.7918      11.76
     45        424      23.33    22.1986      11.75
     45        425      22.96    22.0983      11.93
     45        426      22.56    21.9723      11.92
     45        427      22.20    21.8919      11.32
     45        428      22.82    21.9842      11.38
     45        429      22.94    21.9435      11.86
     45        430      23.12    22.0103      11.55
     45        431      22.73    22.1192      12.06
     45        432      22.42    22.2155      11.80
     45        433      22.63    22.1455      12.11
     45        434      22.49    22.1367      11.50
     45        435      22.51    22.0619      12.04
     45        436      23.09    22.1359      10.76
     45        437      23.04    21.7459      11.94
     45        438      23.17    21.8165      11.46
     45        439      22.92    21.6584      11.68
     45        440      22.52    21.9987      11.13
     45        441      23.12    22.0287      11.39
     45        442      22.80    22.2129      11.57
     45        443      22.55    22.1247      11.84
     45        444      22.69    22.2261      11.32
     45        445      22.59    21.6832      12.01
     45        446      22.70    22.0059      11.41
     45        447      23.22    21.6863      12.16
     45        448      22.87    22.0549      10.98
     45        449      22.86    21.7244      10.90
     45        450      22.91    21.9920      12.02
     45        451      22.76    21.8564      12.13
     45        452      22.05    22.1159      12.12
     45        453      23.13    22.0706      10.78
     45        454      22.76    21.9035      12.39
     45        455      23.23    22.2274      11.07
     45        456      22.80    21.9104      11.92
     45        457      22.88    21.9046      11.63
     45        458      23.06    21.9254      11.32
     45        459      23.07    22.1802      11.94
     45        460      22.61    22.2691      12.32
     45        461      22.66    22.3376      12.25
     45        462      22.61    22.0065      11.86
     45        463      22.75    22.1171      10.60
     45        464      22.96    22.0318      11.00
     45        465      22.39    21.7055      11.68
     45        466      23.28    22.3645      11.26
     45        467      22.78    22.0885      10.69
     45        468      22.82    21.5883      11.20
     45        469      22.58    21.7341      11.72
     45        470      22.99    22.0989      11.25
     45        471      22.67    21.7964      10.78
     45        472      22.95    21.9285      11.94
     45        473      23.05    22.1812      11.55
     45        474      22.64    22.3286      10.53
     45        475      22.70    21.3948      12.27
     45        476      22.61    22.3230      11.21
     45        477      22.82    21.9025      10.95
     45        478      22.95    22.0009      11.41
     45        479      22.69    22.0628      12.55
     45        480      22.72    22.0908      12.34
     45        481      22.95    21.9159      12.16
     45        482      22.73    21.8611      10.99
     45        483      22.81    21.6971      11.36
     45        484      22.85    21.9154      12.11
     45        485      22.99    21.8088      10.93
     45        486      22.86    22.0554      12.00
     45        487      22.48    22.0962      11.14
     45        488      22.23    22.2995      11.16
     45        489      22.79    21.7141      12.06
     45        490      23.43    21.8197      10.81
     45        491      23.24    21.7594      12.05
     45        492      22.72    21.8844      10.90
     45        493      22.89    21.7539      12.16
     45        494      22.73    21.9782      11.44
     45        495      22.47    21.9578      12.00
     45        496      23.04    22.0534      10.86
     45        497      22.64    21.8796      12.28
     45        498      22.90    22.2829      11.45
     45        499      22.70    22.0879      11.28
     45        500      22.94    21.9916      11.60
