     45          1      22.84    21.2010      11.41
     45          2      22.88    21.3249      11.83
     45          3      22.80    21.1027      10.89
     45          4      22.75    20.8696      11.55
     45          5      22.58    21.0888      11.87
     45          6      22.69    21.1135      11.90
     45          7      22.82    21.0792      11.30
     45          8      22.83    21.1144      11.02
     45          9      22.58    21.3200      11.44
     45         10      22.86    21.0123      11.69
     45         11      22.59    20.8547      11.71
     45         12      22.95    20.5749      11.63
     45         13      22.61    21.5893      10.68
     45         14      22.96    21.1863      11.80
     45         15      23.00    21.0282      11.56
     45         16      22.60    20.9517      11.18
     45         17      23.16    21.2051      11.59
     45         18      22.89    21.1522      11.17
     45         19      22.58    20.5813      11.47
     45         20      22.97    21.4925      12.56
     45         21      22.65    21.3438      11.77
     45         22      22.91    21.0143      12.11
     45         23      22.83    20.5664      11.17
     45         24      22.60    20.8490      11.29
     45         25      22.92    21.3276      10.14
     45         26      22.96    21.0418      10.83
     45         27      22.61    21.2413      10.14
     45         28      23.20    20.5023      11.42
     45         29      22.94    21.4736      10.10
     45         30      23.01    20.2947      11.20
     45         31      22.45    21.0036      10.76
     45         32      22.73    21.1265      12.08
     45         33      22.42    21.0199      12.00
     45         34      22.70    21.1131      11.22
     45         35      22.72    21.1035      11.01
     45         36      22.75    21.1752      10.90
     45         37      22.85    21.2330      11.15
     45         38      22.89    21.4176      12.01
     45         39      22.38    20.7628      11.99
     45         40      22.65    21.1438      11.97
     45         41      22.92    21.0175      10.60
     45         42      22.43    21.4861      11.43
     45         43      22.95    21.8093      10.52
     45         44      22.64    20.6088       9.04
     45         45      22.83    21.3825      11.66
     45         46      22.68    20.7503      11.64
     45         47      22.65    20.8409      10.51
     45         48      23.07    21.6362      11.47
     45         49      23.31    20.6599      11.44
     45         50      22.61    20.6256      10.11
     45         51      22.91    21.3681      11.57
     45         52      22.99    21.4129      10.73
     45         53      22.92    21.3629      11.15
     45         54      22.86    21.2133      10.13
     45         55      22.94    21.2621      11.44
     45         56      22.30    21.5098      10.72
     45         57      22.96    21.1274      10.47
     45         58      22.72    20.7687      11.33
     45         59      22.37    21.2528      12.09
     45         60      22.82    21.1762      12.02
     45         61      22.95    21.3038       9.72
     45         62      22.96    21.2275      11.61
     45         63      22.42    20.5603       9.60
     45         64      22.76    21.3254       9.11
     45         65      22.40    21.0123      10.66
     45         66      21.94    21.3058      11.32
     45         67      22.61    21.0659      11.83
     45         68      22.99    21.0167      10.82
     45         69      22.75    20.8806      11.44
     45         70      22.70    21.1002       9.89
     45         71      22.88    20.9215      11.68
     45         72      22.45    21.1510      12.08
     45         73      22.87    21.2431      11.45
     45         74      22.87    20.9769      11.81
     45         75      22.92    21.3018      10.93
     45         76      23.10    20.8702      10.60
     45         77      22.36    21.2088      10.75
     45         78      22.75    21.1132      11.29
     45         79      23.04    21.2580      11.79
     45         80      22.59    21.2575      10.23
     45         81      22.90    20.9523      12.23
     45         82      22.69    20.8855      10.62
     45         83      23.10    20.9110      11.71
     45         84      22.58    21.2995      10.07
     45         85      22.51    20.9680      11.41
     45         86      22.79    20.9631      11.98
     45         87      22.65    21.1620      10.70
     45         88      22.77    20.8473      11.64
     45         89      23.03    21.4565       9.51
     45         90      22.58    21.4055      12.19
     45         91      22.08    20.7356      11.30
     45         92      22.91    21.2531      11.47
     45         93      22.63    21.0983      10.65
     45         94      23.02    21.2423      11.32
     45         95      23.21    20.7910      11.39
     45         96      22.66    20.8446      11.66
     45         97      21.92    20.8742      11.67
     45         98      22.66    21.3981       9.26
     45         99      22.60    21.2910      11.45
     45        100      22.47    20.9204      11.21
     45        101      22.75    21.4068       9.67
     45        102      22.58    21.1648      10.48
     45        103      22.59    21.3736      11.44
     45        104      22.88    21.3982       9.98
     45        105      23.09    21.1728      11.34
     45        106      22.75    21.1125      11.90
     45        107      22.18    21.3929      11.55
     45        108      22.55    20.9096      10.47
     45        109      22.66    21.2210      11.44
     45        110      22.70    21.0425      10.90
     45        111      23.20    20.8917      10.56
     45        112      22.52    21.2113      10.79
     45        113      22.21    21.1702      10.95
     45        114      22.63    20.9950      10.60
     45        115      22.85    21.3361      11.10
     45        116      23.03    21.3469      11.50
     45        117      22.40    21.1870      12.07
     45        118      22.67    21.0846      11.95
     45        119      22.70    21.3240      10.45
     45        120      22.78    21.3155      11.60
     45        121      22.86    20.9554      11.32
     45        122      23.13    21.0885      11.73
     45        123      22.92    20.9422      11.68
     45        124      22.78    20.8326      11.66
     45        125      22.55    21.4197      10.97
     45        126      22.82    20.9042      11.99
     45        127      22.58    21.4282      11.08
     45        128      23.00    20.5139      11.35
     45        129      23.19    20.9002      12.02
     45        130      22.83    21.2874      11.06
     45        131      22.67    20.8260      10.46
     45        132      22.87    20.6038      10.77
     45        133      22.51    21.4832      11.92
     45        134      22.41    21.2941      11.25
     45        135      22.88    20.7535      11.26
     45        136      23.03    20.3248      11.13
     45        137      22.48    21.0188      11.93
     45        138      22.83    20.9103      11.41
     45        139      22.40    21.2799      11.05
     45        140      22.91    21.2927      10.53
     45        141      22.90    21.3450      11.66
     45        142      22.67    20.5308      10.22
     45        143      22.94    21.4944      11.88
     45        144      23.01    21.1574      11.49
     45        145      22.37    21.4295      11.25
     45        146      22.92    20.9075      11.74
     45        147       0.00     0.0000       0.00
     45        148      22.71    20.6558      12.14
     45        149      22.45    20.8623      11.32
     45        150      22.50    20.9488      11.29
     45        151      23.23    20.7048      11.32
     45        152      22.63    20.9259      11.74
     45        153      22.35    20.9642      12.18
     45        154      22.51    21.1040      11.75
     45        155      22.70    21.4320      11.96
     45        156      22.44    20.9816      11.86
     45        157      22.40    20.9710      11.20
     45        158      23.07    21.0197      11.24
     45        159      22.41    20.9092      11.54
     45        160      22.50    21.1108      10.47
     45        161      22.77    21.1340      11.57
     45        162      23.01    21.2595      11.06
     45        163      22.97    21.3964      10.14
     45        164      22.33    20.3122      10.40
     45        165      22.47    21.1722      10.54
     45        166      22.86    21.3328      11.68
     45        167      22.60    21.4843      12.19
     45        168      22.71    21.0306      10.89
     45        169      22.96    21.0582      11.39
     45        170      22.69    21.0848      11.20
     45        171      22.44    21.1422      11.44
     45        172      22.92    21.3917      10.91
     45        173      22.76    21.3851      10.88
     45        174      23.20    20.8034      10.63
     45        175      22.70    21.3834      11.40
     45        176      22.86    21.2003      11.20
     45        177      22.70    20.8510      11.02
     45        178      22.26    21.5021      11.04
     45        179      23.23    20.8012      11.50
     45        180      22.52    21.0678      11.76
     45        181      22.57    20.8248      11.81
     45        182      22.29    21.6075      11.10
     45        183      22.90    21.2935      11.27
     45        184      22.54    21.2351      10.77
     45        185      22.43    21.0209      12.05
     45        186      22.81    20.7105      10.00
     45        187      22.60    21.1632      11.13
     45        188      22.91    20.8976      11.69
     45        189      22.20    21.4939       9.99
     45        190      23.02    21.2513      11.68
     45        191      22.55    21.2830      10.46
     45        192      22.99    20.5352      10.19
     45        193      22.54    21.3269      11.17
     45        194      22.64    20.3978      11.06
     45        195      22.93    20.8513      10.48
     45        196      22.94    21.0219      10.76
     45        197      22.23    21.1266      10.24
     45        198      23.03    21.2434       9.38
     45        199      22.89    21.0430      11.38
     45        200      22.84    20.5562      11.90
     45        201      22.67    21.5727      10.69
     45        202      22.93    21.3226      11.24
     45        203      23.02    20.5239      10.40
     45        204      22.78    21.1416      12.03
     45        205      22.77    21.2203      11.52
     45        206      23.02    20.9942      11.91
     45        207      22.42    21.1227      10.51
     45        208      22.96    21.0570      11.47
     45        209      23.01    21.6978      11.03
     45        210      22.52    21.2059      11.50
     45        211      22.42    21.3406      12.10
     45        212      23.13    20.7651      10.39
     45        213      22.65    20.6389      10.37
     45        214      22.69    21.3697      11.06
     45        215      22.90    20.8522      11.06
     45        216      23.08    20.8838      11.07
     45        217      22.79    20.4454      11.47
     45        218      22.96    20.7295      11.84
     45        219      22.87    21.1465      11.02
     45        220      22.73    20.7365      12.45
     45        221      22.65    20.9205      11.52
     45        222      22.83    20.7806      11.30
     45        223      22.66    21.0733       8.89
     45        224      22.99    20.4323      11.59
     45        225      22.79    20.6159      10.34
     45        226      22.74    20.6965      10.47
     45        227      22.80    21.3013      11.06
     45        228      22.76    20.1882      11.03
     45        229      22.70    20.6754       9.48
     45        230      22.90    21.2951      11.37
     45        231      22.80    20.7822      11.48
     45        232      22.92    21.0909      11.90
     45        233      23.11    21.1334      11.27
     45        234      22.56    20.8351      11.32
     45        235      22.84    21.1275      11.69
     45        236      23.06    21.1163      10.66
     45        237      22.68    20.7553      10.87
     45        238      23.07    21.2528      10.44
     45        239      22.61    20.6234      10.64
     45        240      22.71    21.2271      11.65
     45        241      22.54    20.6157      11.14
     45        242      22.55    21.3566      11.28
     45        243      22.88    21.0800      11.79
     45        244      22.68    21.3172      10.32
     45        245      22.74    21.1330      12.10
     45        246      22.71    21.3552      11.92
     45        247      22.76    21.0599      11.35
     45        248      22.81    21.0991      11.10
     45        249      22.94    20.8524      11.75
     45        250      22.52    20.8846      11.72
     45        251      22.92    21.0951      11.60
     45        252      23.09    21.1214      11.98
     45        253      22.57    20.2549      10.54
     45        254      22.78    21.0219      12.05
     45        255      22.56    20.8340      11.87
     45        256      22.61    21.2171      10.95
     45        257      23.23    21.0733      10.94
     45        258      22.40    21.0726      10.70
     45        259      23.13    21.4129      11.37
     45        260      22.35    20.9347      10.96
     45        261      22.88    21.0625      11.01
     45        262      22.79    20.6135      11.52
     45        263      23.07    20.8793       9.77
     45        264      22.87    20.9858      11.59
     45        265      22.62    20.8990       9.72
     45        266      22.64    21.0916      10.17
     45        267      22.80    20.7146      10.98
     45        268      22.55    21.3662      11.62
     45        269      22.68    21.1613      10.90
     45        270      22.56    21.3241      11.55
     45        271      23.07    20.8931      10.17
     45        272      22.53    20.9972      10.66
     45        273      22.35    21.4293      12.09
     45        274      22.54    21.7227      11.91
     45        275      22.84    21.4444      10.16
     45        276      22.61    21.2157      10.93
     45        277      22.50    20.8203      11.53
     45        278      22.20    21.0492      11.75
     45        279      22.39    20.3371      10.76
     45        280      22.84    20.8655      10.64
     45        281      22.93    21.1689      11.51
     45        282      22.77    20.8680      11.70
     45        283      22.45    21.1707      11.47
     45        284      21.87    20.4986      11.36
     45        285      22.68    21.2012      10.46
     45        286      23.07    20.9199      10.36
     45        287      22.49    21.1111      11.68
     45        288      22.32    21.2232      11.49
     45        289      23.02    21.2497      10.15
     45        290      22.65    21.3674      12.01
     45        291      22.78    21.4163      11.54
     45        292      22.88    20.7638      11.19
     45        293      22.90    20.6045      11.63
     45        294      22.14    20.6547      11.52
     45        295      22.98    20.9073      12.42
     45        296      22.69    21.2249      11.63
     45        297      22.85    21.3118      11.01
     45        298      23.13    20.7593      10.97
     45        299      22.36    21.2177      11.36
     45        300      22.62    21.2788      11.24
     45        301      22.82    20.8814      10.99
     45        302      22.60    20.9967      10.94
     45        303      23.06    21.3224      10.78
     45        304      22.44    21.2512      10.56
     45        305      22.67    20.6150      11.70
     45        306      22.63    21.1808      11.12
     45        307      23.02    21.2227      12.07
     45        308      22.63    21.0523      11.34
     45        309      22.53    20.7128      11.04
     45        310      22.78    21.0205      10.71
     45        311      22.52    21.4950      12.15
     45        312      22.81    20.9681      10.56
     45        313      22.52    21.0101      10.80
     45        314      22.91    21.0182      11.49
     45        315      22.51    21.0757      11.48
     45        316      22.76    20.9202      11.62
     45        317      22.65    21.3837      11.19
     45        318      22.64    21.0940      11.13
     45        319      22.52    20.7855      12.25
     45        320      22.80    21.1084      10.93
     45        321      22.61    21.1366      11.57
     45        322      22.54    21.4250      11.54
     45        323      22.56    21.0612      11.36
     45        324      22.65    21.5378      10.58
     45        325      22.64    20.4732      10.67
     45        326      23.07    20.9925      12.27
     45        327      22.64    21.4858      10.56
     45        328      22.56    21.7152      11.02
     45        329      23.01    21.1801      12.21
     45        330      22.41    20.9656      11.50
     45        331      22.57    21.3014      11.30
     45        332      23.04    20.8187      11.56
     45        333      23.03    20.9736      11.23
     45        334      22.66    20.8394      11.61
     45        335      22.66    20.8281      11.82
     45        336      22.49    20.5326      12.02
     45        337      22.93    21.4583      12.22
     45        338      22.56    20.8522      11.28
     45        339      23.20    21.4430      10.65
     45        340      22.97    21.1445      11.09
     45        341      22.48    20.9821      12.08
     45        342      22.82    21.3058      10.62
     45        343      22.66    21.0981      11.52
     45        344      22.63    20.7354      10.86
     45        345      22.60    21.4034      10.28
     45        346      23.07    21.6393      11.54
     45        347      23.08    21.1032      11.00
     45        348      22.53    21.0633      11.67
     45        349      23.03    21.2278      11.55
     45        350      22.90    21.8418      10.10
     45        351      22.99    21.1200      11.42
     45        352      22.71    21.4603      11.24
     45        353      22.79    20.5097      11.74
     45        354      22.59    21.4932      11.04
     45        355      22.82    19.9809      11.63
     45        356      22.86    20.4513      11.69
     45        357      22.75    21.3998      11.46
     45        358      22.38    21.2989      11.48
     45        359      23.06    21.5099      11.89
     45        360      22.43    21.0829      11.31
     45        361      22.75    21.3530      11.26
     45        362      22.54    21.4845       9.54
     45        363      22.81    20.9309      11.30
     45        364      22.95    21.2983      10.75
     45        365      22.72    21.2164      11.79
     45        366      22.68    21.0752      11.47
     45        367      22.86    20.7928      11.12
     45        368      23.02    21.2575      12.07
     45        369      22.86    20.5923      11.94
     45        370      23.11    20.7767      11.57
     45        371      22.30    21.1884      10.89
     45        372      22.60    20.8084      11.98
     45        373      23.04    20.9684      11.73
     45        374      22.68    21.0796      10.02
     45        375      22.82    21.1962       9.96
     45        376      22.36    21.3905      11.44
     45        377      22.96    21.1162      10.60
     45        378      22.91    20.9139      10.75
     45        379      22.08    21.0426      11.90
     45        380      22.70    21.8620      11.39
     45        381      22.99    20.4097      11.78
     45        382      22.66    21.0198      10.98
     45        383      22.88    20.6264      11.32
     45        384      22.94    21.5081      11.67
     45        385      22.81    21.2478      10.87
     45        386      22.98    21.2352      10.92
     45        387      22.72    20.5160      11.98
     45        388      22.84    21.1977      11.60
     45        389      22.65    20.9408      10.34
     45        390      22.98    21.6388      12.64
     45        391      23.15    20.8747      10.34
     45        392      22.49    21.3140      11.39
     45        393      22.90    21.0377      11.03
     45        394      23.16    21.4151      11.24
     45        395      22.78    21.5145      11.39
     45        396      23.23    21.2686      10.73
     45        397      23.44    21.6768      10.66
     45        398      22.97    21.7325      11.25
     45        399      22.79    20.4422      10.90
     45        400      22.80    21.3268      12.21
     45        401      22.66    21.5104      10.79
     45        402      22.79    20.8455      11.02
     45        403      22.84    20.9508      10.98
     45        404      22.77    21.6254      11.05
     45        405      22.83    21.3932      11.97
     45        406      22.60    21.5368      10.21
     45        407      22.82    21.4311      12.16
     45        408      22.93    19.9966      12.17
     45        409      22.99    21.0808      11.58
     45        410      22.93    21.0611      12.02
     45        411      22.71    20.6880       9.49
     45        412      23.00    21.3577      10.96
     45        413      22.71    21.4684      11.35
     45        414      22.81    21.0964      11.85
     45        415      22.78    21.0470      10.96
     45        416      21.94    21.1143      11.68
     45        417      22.76    21.2504      11.85
     45        418      22.80    20.5276      11.02
     45        419      22.10    21.4208      10.43
     45        420      22.97    21.5034      12.01
     45        421      22.79    20.7388      11.03
     45        422      22.77    20.4786      12.12
     45        423      22.60    21.0185      11.43
     45        424      23.33    21.1235      11.40
     45        425      22.96    21.2644      11.61
     45        426      22.56    21.0026      11.59
     45        427      22.20    21.1329      10.93
     45        428      22.82    20.7372      10.94
     45        429      22.94    20.8076      11.56
     45        430      23.12    21.0818      11.14
     45        431      22.73    21.2564      11.79
     45        432      22.42    21.2823      11.46
     45        433      22.63    21.3803      11.87
     45        434      22.49    21.2172      11.13
     45        435      22.51    21.3004      11.77
     45        436      23.09    21.3936      10.04
     45        437      23.04    20.8121      11.64
     45        438      23.17    20.7558      11.00
     45        439      22.92    20.6378      11.33
     45        440      22.52    21.0298      10.54
     45        441      23.12    21.3180      10.91
     45        442      22.80    21.2363      11.15
     45        443      22.55    21.4251      11.54
     45        444      22.69    21.4594      10.88
     45        445      22.59    20.7540      11.70
     45        446      22.70    21.2177      10.94
     45        447      23.22    20.7678      11.91
     45        448      22.87    21.3660      10.35
     45        449      22.86    20.8023      10.31
     45        450      22.91    21.2667      11.72
     45        451      22.76    20.6454      11.86
     45        452      22.05    21.1764      11.87
     45        453      23.13    21.1281      10.07
     45        454      22.76    20.9245      12.15
     45        455      23.23    21.4875      10.55
     45        456      22.80    21.1829      11.67
     45        457      22.87    20.7874      11.24
     45        458      23.06    20.8474      10.84
     45        459      23.07    21.1211      11.65
     45        460      22.61    21.4136      12.07
     45        461      22.66    21.3072      12.00
     45        462      22.61    21.3469      11.56
     45        463      22.75    21.1751       9.85
     45        464      22.96    21.2085      10.57
     45        465      22.39    20.8632      11.36
     45        466      23.28    21.7671      10.77
     45        467      22.78    21.2546      10.07
     45        468      22.82    20.5898      10.74
     45        469      22.58    20.6121      11.42
     45        470      22.99    21.4234      10.89
     45        471      22.67    20.8005      10.01
     45        472      22.95    20.9432      11.64
     45        473      23.05    21.4576      11.15
     45        474      22.64    21.6201       9.77
     45        475      22.70    20.1408      12.01
     45        476      22.61    21.3142      10.81
     45        477      22.82    21.1031      10.37
     45        478      22.95    21.0933      10.94
     45        479      22.69    21.1140      12.36
     45        480      22.72    21.0914      12.11
     45        481      22.95    20.8461      11.89
     45        482      22.73    21.0839      10.27
     45        483      22.81    20.7320      10.88
     45        484      22.85    20.7717      11.83
     45        485      22.99    20.8934      10.37
     45        486      22.86    21.1736      11.71
     45        487      22.48    21.1271      10.74
     45        488      22.23    21.4435      10.66
     45        489      22.79    20.7782      11.74
     45        490      23.43    20.9409      10.17
     45        491      23.24    20.7562      11.77
     45        492      22.72    20.9040      10.26
     45        493      22.89    20.8365      11.91
     45        494      22.73    21.1254      11.02
     45        495      22.47    21.0011      11.77
     45        496      23.04    21.3349      10.22
     45        497      22.64    20.5367      12.03
     45        498      22.90    21.4739      10.99
     45        499      22.70    21.1408      10.86
     45        500      22.94    21.0704      11.25
