     40          1      21.18    19.2432      11.74
     40          2      21.02    18.9783      11.59
     40          3      21.09    19.6623      11.86
     40          4      21.43    19.4792      10.51
     40          5      21.03    19.6886      11.85
     40          6      20.96    19.2768      12.05
     40          7      21.17    19.3852      11.29
     40          8      21.42    19.6994      11.98
     40          9      21.29    19.4508      10.78
     40         10      20.89    19.2103      11.57
     40         11      21.07    19.0629      12.49
     40         12      21.21    18.9850      11.29
     40         13      20.56    19.6283      11.35
     40         14      21.33    19.4826      11.31
     40         15      21.16    19.6019      11.00
     40         16      20.60    18.8400      12.32
     40         17      21.07    18.8864      11.34
     40         18      20.85    19.2611      11.67
     40         19      20.77    19.3430      11.35
     40         20      20.85    19.3734      12.28
     40         21      20.98    18.9272      11.78
     40         22      21.33    19.2698      10.75
     40         23      20.50    19.7508      11.35
     40         24      21.58    19.0220      11.66
     40         25      21.03    19.4041      10.76
     40         26      21.03    19.3688      11.71
     40         27      21.36    18.9968      12.08
     40         28      21.37    19.5020      10.98
     40         29      21.34    19.3018      11.46
     40         30      21.12    19.0494      11.22
     40         31      20.72    19.4657      10.05
     40         32      21.04    19.4764      10.25
     40         33      21.48    19.5218      11.45
     40         34      21.09    19.2749      11.07
     40         35      21.26    19.6811      12.05
     40         36      21.31    19.4513      11.60
     40         37      20.47    19.3977      10.41
     40         38      21.10    19.4907      10.59
     40         39      20.72    19.0252      11.58
     40         40      21.68    19.5968       9.63
     40         41      21.16    19.5340      11.63
     40         42      20.94    19.3344      11.62
     40         43      21.06    19.2045      10.47
     40         44      21.39    19.6581      11.18
     40         45      21.04    19.1095      11.28
     40         46      20.92    19.2667      10.47
     40         47      21.26    19.3681       9.84
     40         48      21.03    19.8193      10.51
     40         49      20.87    19.1961      11.16
     40         50      21.25    18.9947      11.42
     40         51      20.87    19.9267      11.85
     40         52      21.41    19.3081      10.23
     40         53      21.42    19.0086      11.92
     40         54      21.16    19.6632       9.64
     40         55      20.66    19.5535      10.55
     40         56      21.08    19.1628      11.11
     40         57      21.27    19.5975       9.99
     40         58      20.96    19.5021      11.33
     40         59      20.40    19.8907       9.33
     40         60      20.98    19.3075      11.21
     40         61      20.76    19.0763      11.13
     40         62      20.80    19.1921      11.77
     40         63      21.19    19.2518      10.51
     40         64      21.43    19.4894      11.65
     40         65      21.23    18.6252      11.25
     40         66      21.20    18.9868      11.85
     40         67      20.74    19.5563      11.65
     40         68      21.08    19.7338      11.86
     40         69      21.24    19.2634      11.32
     40         70      21.43    19.2581      11.98
     40         71      20.82    19.4123      11.66
     40         72      20.69    19.8494      11.71
     40         73      20.99    19.3833      10.82
     40         74      21.12    19.1877      10.77
     40         75      21.04    19.2633      11.10
     40         76      21.26    19.4906      10.75
     40         77      20.87    19.5517      11.48
     40         78      21.03    19.5107      11.56
     40         79      21.37    19.2639      10.65
     40         80      20.84    19.6096      11.41
     40         81      20.99    19.6805      11.71
     40         82      21.53    19.2715      10.89
     40         83      21.14    19.3875      11.62
     40         84      21.07    19.6748      10.85
     40         85      21.45    18.1469      11.68
     40         86      21.27    18.7105      11.49
     40         87      21.02    19.2481      11.48
     40         88      21.37    19.6548      12.04
     40         89      21.43    18.4041      11.62
     40         90      21.60    19.4125      11.82
     40         91      20.94    19.2027      11.23
     40         92      20.81    19.1856      10.55
     40         93      21.13    19.3809      11.03
     40         94      21.30    19.2821      10.97
     40         95      20.88    18.5533      11.50
     40         96      21.23    19.4019      10.93
     40         97      20.88    19.1697      11.50
     40         98      20.97    19.0056      11.09
     40         99      21.32    19.1315      11.62
     40        100      21.10    19.4739      10.23
     40        101      21.29    18.9725      10.96
     40        102      20.69    19.4039      10.80
     40        103      21.54    19.2832      11.61
     40        104      20.83    19.5294      11.12
     40        105      21.23    19.5680      11.60
     40        106      20.81    19.2905      11.06
     40        107      21.17    19.6590      10.18
     40        108      21.08    18.2490      11.39
     40        109      20.72    19.7192       9.50
     40        110      21.35    19.6465      11.63
     40        111      21.37    19.1545      11.46
     40        112      20.97    19.5871      11.65
     40        113      21.28    19.6511      12.16
     40        114      21.10    19.2819       9.62
     40        115      21.23    19.5499      11.14
     40        116      21.04    19.4699      10.86
     40        117      21.03    19.6400       9.09
     40        118      21.35    19.7473       6.98
     40        119      21.14    19.4170      11.42
     40        120      20.91    19.3160      11.62
     40        121      21.40    19.3179      12.10
     40        122      21.43    19.8536      11.07
     40        123      21.25    19.4348      10.51
     40        124      21.13    19.6500      10.19
     40        125      21.46    19.9275      11.48
     40        126      21.40    19.6121      12.26
     40        127      20.89    18.8789      10.05
     40        128      21.16    19.3834      10.74
     40        129      21.25    19.5603      11.84
     40        130      20.85    19.6772      10.53
     40        131      21.40    19.6529      10.80
     40        132      21.40    19.3919       9.05
     40        133      21.53    19.6488      10.95
     40        134      21.36    19.3692      10.15
     40        135      21.37    19.5114      10.88
     40        136      21.24    19.2405      12.09
     40        137      21.32    19.5158      11.58
     40        138      21.24    18.9244      11.79
     40        139      20.75    19.3653      11.64
     40        140      21.10    19.3814      11.03
     40        141      21.47    19.5267      11.64
     40        142      21.90    19.8109      11.47
     40        143      20.92    19.7521      10.25
     40        144      21.02    19.2032      12.09
     40        145      21.04    19.4675      10.78
     40        146      21.11    18.7954      11.59
     40        147      21.12    19.7544      11.18
     40        148      21.20    19.6573      11.83
     40        149      21.29    19.2052      12.13
     40        150      21.18    19.6922      10.32
     40        151      20.85    19.3607      10.49
     40        152      21.13    19.1960      11.92
     40        153      21.36    18.7916      11.07
     40        154      21.13    18.9502      10.30
     40        155      20.87    18.9580      11.40
     40        156      21.30    19.0054      11.36
     40        157      21.09    19.3383      11.68
     40        158      21.26    19.5241      12.02
     40        159      20.91    19.3577      10.97
     40        160      21.35    19.5456      10.66
     40        161      20.99    19.3145      11.29
     40        162      21.42    19.4911      12.00
     40        163      21.08    19.8555      11.15
     40        164      21.32    19.4482      12.15
     40        165      20.51    19.9073      10.75
     40        166      21.12    19.6522      10.72
     40        167      21.01    19.1606      11.64
     40        168      20.88    19.5565      12.12
     40        169      21.24    19.4256      11.28
     40        170      21.51    18.9726      11.70
     40        171      21.22    18.9581      10.86
     40        172      21.41    19.3822      10.85
     40        173      20.90    19.5161      12.16
     40        174      20.75    19.5060      12.48
     40        175      20.43    19.7630      10.28
     40        176      20.79    18.6646      11.86
     40        177      21.30    19.4495      10.93
     40        178      21.33    19.0516      11.29
     40        179      20.85    19.3170      11.79
     40        180      21.02    19.5335      12.06
     40        181      21.15    19.8822      10.91
     40        182      21.21    18.9828      11.20
     40        183      21.12    18.9700      10.90
     40        184      21.24    19.7225      10.93
     40        185      21.05    19.7407      11.66
     40        186      20.82    19.3869      11.03
     40        187      20.90    19.0322       9.96
     40        188      21.16    19.5248      10.59
     40        189      20.99    19.0770      11.66
     40        190      21.19    20.0562       9.87
     40        191      20.62    19.4562      11.35
     40        192      20.82    19.2581       9.94
     40        193      21.31    19.2032      11.33
     40        194      21.15    19.6608      11.97
     40        195      21.25    19.3416      11.27
     40        196      20.90    19.5969      11.47
     40        197      20.90    19.5342      11.99
     40        198      21.20    19.2702      11.43
     40        199      21.50    19.1966      11.40
     40        200      20.79    19.4870      11.73
     40        201      21.02    19.5300      11.57
     40        202      21.08    19.1829      11.68
     40        203      20.86    19.2405      10.66
     40        204      21.13    19.0023      11.45
     40        205      20.98    20.0312      11.19
     40        206      21.06    18.8641      11.90
     40        207      20.91    19.4116       9.91
     40        208      21.22    19.3576       9.75
     40        209      20.92    19.3378      11.69
     40        210      21.23    19.4523      11.49
     40        211      21.26    19.4395      10.92
     40        212      21.04    18.8727      11.09
     40        213      21.07    19.1264      11.72
     40        214      21.19    18.7921      10.98
     40        215      21.19    19.3234      11.20
     40        216      21.29    19.4554      11.29
     40        217      21.08    19.4790      10.04
     40        218      21.25    18.8862      11.34
     40        219       0.00     0.0000       0.00
     40        220      20.86    19.3805      11.71
     40        221      20.54    19.0412      12.13
     40        222      21.24    19.5384      11.62
     40        223      21.23    19.5172      11.60
     40        224      21.18    19.8274      11.63
     40        225      20.91    18.8680      11.01
     40        226      20.64    19.4323      11.29
     40        227      20.91    19.5549      11.38
     40        228       0.00     0.0000       0.00
     40        229      20.47    19.5270      10.49
     40        230      21.11    19.2385      10.87
     40        231      21.00    18.9912      10.52
     40        232      21.04    19.6025      11.94
     40        233      21.24    19.2633      10.19
     40        234      21.09    19.5714      11.72
     40        235      21.34    19.8744      11.73
     40        236      21.20    19.5005      12.35
     40        237      21.18    18.5641      11.36
     40        238      21.10    19.0291      11.30
     40        239      21.40    19.5313      10.82
     40        240      21.52    18.7744      11.52
     40        241      21.09    19.1995      10.33
     40        242      21.43    19.6830      10.43
     40        243      21.15    19.1051       9.19
     40        244      21.09    19.0810      11.08
     40        245      21.28    19.6902      11.29
     40        246      21.28    19.6168      11.40
     40        247      20.99    19.3502      12.03
     40        248      21.62    19.8497      12.24
     40        249      21.28    19.6766      11.92
     40        250      21.37    19.2851      11.13
     40        251      21.31    19.7003      10.46
     40        252      21.16    19.1214      11.48
     40        253      21.17    19.3290      11.66
     40        254      21.28    19.7612      11.92
     40        255      21.42    19.0055      11.54
     40        256      21.08    19.3100       9.72
     40        257      21.34    19.3769      10.66
     40        258      20.80    19.7224      11.68
     40        259      20.86    19.2876      11.09
     40        260      21.29    19.2872      11.55
     40        261      20.51    19.5662      11.79
     40        262      21.74    19.9349      11.60
     40        263      20.79    19.7025      11.64
     40        264      21.30    19.5713      10.97
     40        265      21.09    19.5051      11.80
     40        266      21.00    19.0149      11.22
     40        267      21.01    19.4163      11.09
     40        268      21.47    19.4002      11.68
     40        269      21.25    19.1369      11.32
     40        270      20.85    19.1355      12.37
     40        271      19.88    19.7197      10.86
     40        272      20.79    19.2495      11.91
     40        273      21.15    19.5016      11.30
     40        274      20.86    19.8123      10.60
     40        275      21.07    19.3536      11.44
     40        276      21.27    19.8869      11.53
     40        277      21.12    19.1021      12.15
     40        278      21.27    19.5364      11.52
     40        279      20.97    19.6084      10.55
     40        280      20.71    19.3944      10.34
     40        281      20.84    19.5515      10.41
     40        282      20.49    19.5141      10.85
     40        283      20.76    19.3704      11.33
     40        284      20.71    19.7649      10.92
     40        285      21.34    19.8258      10.08
     40        286      20.95    19.6203      12.03
     40        287      21.02    19.7336      11.52
     40        288      21.00    19.6623      11.59
     40        289      21.69    19.5151      10.56
     40        290      20.79    18.9691      10.89
     40        291      21.00    20.1357      11.75
     40        292      21.26    19.1963      10.96
     40        293      21.17    19.2576      11.72
     40        294      21.27    19.7867      10.51
     40        295      20.95    19.5646      10.58
     40        296      21.38    19.6096      11.48
     40        297      21.35    19.4388      10.48
     40        298      20.96    19.8160      11.38
     40        299      21.17    18.5764       9.93
     40        300      20.83    19.0349      11.76
     40        301      21.07    19.4060      11.70
     40        302      21.67    19.3154      10.61
     40        303      21.27    19.6956      11.13
     40        304      21.16    19.8403      10.91
     40        305      20.85    19.2464      11.91
     40        306      21.28    19.2687      11.74
     40        307      21.23    19.3320      11.19
     40        308      21.57    19.5081      11.13
     40        309      21.10    19.5066      11.25
     40        310      21.59    19.2916      11.58
     40        311      21.21    19.5548      10.79
     40        312      20.95    19.3953      11.51
     40        313      20.95    19.3776      10.64
     40        314      21.18    19.6455      11.66
     40        315      20.91    18.8834      11.44
     40        316      21.28    19.8873      10.22
     40        317      21.09    19.6681      11.51
     40        318      21.43    19.2542      10.05
     40        319      21.38    18.7256      11.75
     40        320      21.11    19.6215      11.52
     40        321      20.84    19.3786      10.75
     40        322      21.03    20.1413      11.90
     40        323      21.57    19.4940      11.68
     40        324      21.00    18.7420      11.66
     40        325      21.28    19.7374      10.36
     40        326      21.19    18.7007      11.81
     40        327      21.49    18.6211      11.19
     40        328      21.04    19.1963      11.94
     40        329      21.16    19.6880      10.14
     40        330      20.81    19.7343      11.53
     40        331      20.89    19.4769      11.09
     40        332      21.23    19.8655      12.07
     40        333      20.20    18.9046      11.62
     40        334      20.92    19.0890      10.92
     40        335      21.15    19.3159      10.98
     40        336      21.35    19.4863      10.05
     40        337      21.29    19.1395      11.56
     40        338      21.30    19.6326      11.09
     40        339      20.63    19.5423      11.62
     40        340      21.15    18.8269      11.87
     40        341      21.33    19.5576      11.36
     40        342      21.05    18.9927      11.55
     40        343      20.96    19.8231      11.42
     40        344      21.46    19.6719      11.87
     40        345      21.10    19.4185      10.62
     40        346      20.77    19.8628      11.74
     40        347      20.33    19.2607      11.97
     40        348      21.38    19.1143      10.33
     40        349      21.27    19.8015      11.27
     40        350      21.00    19.4179      10.74
     40        351      20.74    19.4445      10.44
     40        352      20.92    19.3481      10.70
     40        353      21.04    19.6140      11.59
     40        354      21.02    19.4798      10.50
     40        355      21.02    19.0887      11.11
     40        356      20.87    19.4027      11.15
     40        357      20.45    19.5999      11.45
     40        358      21.10    19.4878      10.98
     40        359      21.46    19.4763      10.71
     40        360      20.85    19.3928      11.42
     40        361      21.01    19.5091      11.12
     40        362      20.83    19.3365      11.97
     40        363      20.85    19.6230      11.38
     40        364      21.48    19.5084      11.79
     40        365      21.27    19.7953      11.41
     40        366      21.02    19.3815      11.00
     40        367      21.31    18.8732      10.46
     40        368      20.59    20.0046      10.23
     40        369      20.96    19.3783      12.11
     40        370      20.81    19.6511      11.94
     40        371      21.16    19.6110      11.29
     40        372      20.88    18.9611      11.64
     40        373      21.16    19.8172      10.10
     40        374      21.17    19.2181      12.00
     40        375      20.93    19.4756      11.42
     40        376      21.11    19.2957      11.75
     40        377      20.99    19.3550      10.76
     40        378      21.05    19.9090      11.89
     40        379      21.10    19.4021      11.18
     40        380      21.24    19.2806      10.98
     40        381      21.60    19.9306      10.42
     40        382      20.94    19.5392      10.30
     40        383      21.12    19.7173      11.50
     40        384      21.25    19.5172      11.53
     40        385      21.23    19.3831      11.10
     40        386      20.65    19.1686      11.06
     40        387      21.28    19.3857      11.62
     40        388      20.99    19.3261      11.39
     40        389      21.28    19.8176      11.79
     40        390      21.22    19.4995      11.02
     40        391      20.91    19.7225      11.45
     40        392      21.28    19.5671      11.07
     40        393      21.23    19.4514       9.34
     40        394      21.12    19.3866      11.29
     40        395      21.38    19.3730      11.89
     40        396      20.94    19.6336      11.61
     40        397      20.85    19.5308      12.00
     40        398      20.21    18.2676      11.97
     40        399      21.24    19.4872      11.12
     40        400      20.72    19.4003      11.67
     40        401      21.19    19.3941      10.26
     40        402      21.25    19.5275      11.39
     40        403      21.04    19.6610      10.93
     40        404      21.12    19.6182      11.62
     40        405      21.31    19.4265      10.88
     40        406      21.43    19.2696      10.39
     40        407      21.21    18.6026       9.09
     40        408      21.05    19.8710      11.78
     40        409      21.44    19.6494      11.61
     40        410      21.11    19.6432      12.12
     40        411      21.34    19.7794      11.09
     40        412      21.13    19.1657      11.73
     40        413      21.04    19.6805      11.91
     40        414      21.17    18.7202      12.01
     40        415      21.02    19.6389      10.20
     40        416      21.22    19.5733      11.00
     40        417      21.01    18.9691      11.81
     40        418      21.05    19.5420      10.16
     40        419      21.30    19.1499      11.47
     40        420      21.07    19.4149      11.66
     40        421      21.01    19.2689      11.36
     40        422      21.16    18.8042      10.04
     40        423      21.06    19.4522      11.56
     40        424      21.33    19.0333      11.11
     40        425      21.29    19.2299      10.61
     40        426      21.17    19.7598      11.32
     40        427      21.54    19.7597       9.81
     40        428      21.43    19.5250      11.73
     40        429      21.11    19.3922      11.47
     40        430      21.48    19.1784      11.13
     40        431      20.69    19.6106      10.67
     40        432      21.19    19.0790      11.96
     40        433      21.07    19.3298      10.60
     40        434      20.79    19.7818      12.06
     40        435      21.68    19.7316      11.51
     40        436      21.05    19.4474      10.28
     40        437      20.96    19.7301      10.99
     40        438      21.20    19.0533      11.34
     40        439      21.27    19.5971      11.68
     40        440      20.81    19.8385      10.83
     40        441      21.38    19.7326      10.81
     40        442      20.93    19.2367      12.08
     40        443      21.50    19.4091      11.35
     40        444      21.39    19.4758      11.53
     40        445      20.72    19.3236      11.23
     40        446      21.09    19.8746      11.57
     40        447      21.12    19.3391      11.60
     40        448      21.23    19.6580      11.28
     40        449      21.43    19.2255      10.34
     40        450      20.95    19.3012      10.53
     40        451      20.92    19.6387      10.38
     40        452      21.36    18.9919      11.90
     40        453      21.05    19.5313      11.45
     40        454      21.23    19.1657       9.72
     40        455      21.09    19.5688      10.99
     40        456      21.18    19.2049      11.01
     40        457      21.56    19.3481      10.95
     40        458      21.25    19.3973      11.60
     40        459      21.33    19.3873      12.05
     40        460      20.67    19.7490      11.71
     40        461      21.28    19.5881      10.25
     40        462      20.89    19.3827      11.78
     40        463      20.98    19.2447      10.90
     40        464      20.78    18.6261      11.42
     40        465      21.02    19.9503      11.79
     40        466      20.50    19.0801      10.89
     40        467      20.74    19.4102      11.01
     40        468      21.10    19.4138      10.44
     40        469      21.65    19.2127      11.33
     40        470      20.83    19.9458      10.96
     40        471      21.40    19.4596       9.91
     40        472      21.08    19.2516      11.68
     40        473      21.38    19.2130      10.85
     40        474      20.95    19.2175      11.84
     40        475      20.76    19.2548      11.72
     40        476      21.07    19.5701      11.71
     40        477      21.23    19.8997      11.46
     40        478      21.30    19.6786      11.25
     40        479      21.12    19.9890      10.84
     40        480      21.22    19.6140      11.28
     40        481      21.06    19.7284      11.30
     40        482      20.81    19.0536      11.36
     40        483      21.08    19.5946      10.63
     40        484      20.91    19.1036      11.10
     40        485      21.16    19.3093      11.54
     40        486      20.51    19.6427      11.68
     40        487      21.35    19.7864      10.99
     40        488      21.19    19.2201      11.24
     40        489      21.09    19.4316       9.56
     40        490      21.29    19.0569      11.17
     40        491      21.36    19.4648      11.30
     40        492      21.03    19.1835      11.83
     40        493      21.09    19.3734      10.25
     40        494      21.02    18.8167      11.06
     40        495      21.25    19.0919      11.43
     40        496      20.98    19.5736      12.32
     40        497      21.24    19.0583      12.10
     40        498      21.44    19.6770      11.09
     40        499      21.12    18.9025      11.77
     40        500      21.02    19.5562      11.16
