     35          1      19.20    18.3397      12.03
     35          2      18.47    17.3065      11.28
     35          3      19.34    17.8014      11.26
     35          4      19.37    17.6502      11.46
     35          5      19.12    17.9922      11.18
     35          6      19.25    18.3834      11.63
     35          7      18.63    17.9789      10.90
     35          8      19.03    18.5089      10.85
     35          9      18.79    17.8089      10.91
     35         10      19.31    17.3711      10.77
     35         11      19.05    18.1355       9.64
     35         12      18.56    18.1538      11.84
     35         13      18.98    18.3194      11.66
     35         14      19.55    18.1402      10.24
     35         15      18.80    18.3832      11.18
     35         16      19.23    18.0263      11.29
     35         17      19.48    17.6508      11.33
     35         18      18.99    18.0713      10.62
     35         19      19.16    18.0377      10.54
     35         20      18.97    17.9516      10.66
     35         21      18.60    18.2128      11.59
     35         22      18.79    17.7742      11.99
     35         23      19.14    17.8775      10.41
     35         24      19.14    18.3520      10.61
     35         25      19.20    17.3676      11.86
     35         26      18.75    17.4601      11.43
     35         27      19.42    18.1015      10.99
     35         28      19.52    17.8855      12.09
     35         29      19.48    17.9558      11.46
     35         30      18.41    18.2041      11.22
     35         31      18.80    18.0451      11.11
     35         32      18.54    17.3758      11.48
     35         33      18.37    18.0470      10.81
     35         34      19.06    17.8720      12.28
     35         35      19.11    17.6537      11.68
     35         36      19.22    17.7483      11.66
     35         37      18.98    17.6343      10.74
     35         38      19.16    17.9933      10.92
     35         39      18.98    17.8795      11.80
     35         40      18.95    17.7428      11.75
     35         41      19.35    18.3237      10.64
     35         42      18.93    17.5846      11.08
     35         43      19.56    18.0652      11.99
     35         44      19.43    17.6901      11.81
     35         45      19.14    18.1706      11.44
     35         46      19.27    18.3114      11.75
     35         47      19.25    17.8357      12.01
     35         48      18.29    18.2096       9.25
     35         49      19.49    17.9532      11.86
     35         50      19.29    17.7541      11.34
     35         51      18.20    17.9506      12.48
     35         52      18.93    17.6183      12.36
     35         53      19.17    18.0951      11.99
     35         54      19.73    18.0883      11.78
     35         55      19.02    18.1998      10.55
     35         56      18.99    18.0901      10.62
     35         57      18.77    17.8908      11.67
     35         58      18.54    18.0039      11.28
     35         59      19.13    18.0705      11.18
     35         60      19.22    17.7011      10.58
     35         61      18.86    17.2173      11.25
     35         62      18.89    18.1698      12.03
     35         63      19.52    18.1055      11.56
     35         64      19.17    17.9477      11.81
     35         65      18.71    18.0822      11.92
     35         66      18.98    17.7755      12.12
     35         67      19.05    17.0690      11.53
     35         68      19.01    18.2757      10.83
     35         69      18.71    18.0244      12.01
     35         70      19.19    17.9930      11.10
     35         71      19.10    17.7926      12.14
     35         72      19.28    18.2042      11.80
     35         73      19.03    18.1775      11.15
     35         74      19.40    17.9378      10.99
     35         75      18.87    18.0783      10.81
     35         76      19.24    17.8171       9.98
     35         77      19.01    17.8885      10.41
     35         78      19.07    18.0612      10.60
     35         79      19.18    17.8991      12.24
     35         80      18.41    17.9596      10.35
     35         81      19.10    17.8396      11.07
     35         82      19.22    17.1483      11.29
     35         83      18.82    18.0507      10.73
     35         84      19.23    18.0236      11.98
     35         85      18.74    18.3277      10.58
     35         86      19.37    18.1523      11.30
     35         87      19.09    17.7262      10.58
     35         88      19.39    18.0742       9.90
     35         89      18.95    17.9894      10.99
     35         90      19.17    18.1950      11.32
     35         91      18.92    18.1498      11.55
     35         92      19.30    18.4209      10.69
     35         93      18.95    17.8474      12.23
     35         94      18.51    18.1448      11.68
     35         95      18.82    17.7247      12.25
     35         96      19.14    18.0935      10.28
     35         97      19.19    17.8090      11.42
     35         98      18.87    17.9272      11.22
     35         99      18.95    17.5808      12.13
     35        100      19.11    17.6076      11.87
     35        101      19.09    17.5562      11.42
     35        102      19.37    17.0088      11.59
     35        103      18.90    17.7466      10.79
     35        104      18.78    18.1670      11.34
     35        105      19.05    18.3968      11.06
     35        106      19.32    18.5283      11.44
     35        107      18.91    18.0847       8.85
     35        108      19.39    17.5271      11.98
     35        109      19.07    17.9044      11.30
     35        110      19.06    17.8011      11.62
     35        111      19.60    17.5167       9.68
     35        112      19.07    18.4255      11.68
     35        113      18.81    18.4773      11.40
     35        114      18.38    17.8370      10.97
     35        115      19.28    18.0934      10.28
     35        116      19.37    18.2455      11.11
     35        117      19.45    17.6803      11.94
     35        118      19.07    18.5675      11.28
     35        119      19.43    17.9860      11.57
     35        120      18.80    18.3916      11.46
     35        121      18.96    17.8974      10.31
     35        122      19.45    18.2883      11.37
     35        123      19.17    17.8697      11.63
     35        124      19.24    18.4350      11.51
     35        125      18.71    17.7926      11.86
     35        126      18.78    18.3044      11.34
     35        127      19.27    17.8832      10.99
     35        128      19.22    17.9691      11.55
     35        129      19.05    17.6317      12.07
     35        130      19.31    17.5913      11.64
     35        131      19.13    18.1695      10.47
     35        132      19.02    17.6065      11.58
     35        133      19.19    18.0958      11.09
     35        134      18.99    17.7549      12.55
     35        135      19.21    17.7751      11.93
     35        136      19.13    18.0667      12.45
     35        137      19.24    18.2449      11.98
     35        138      19.27    18.0022      11.39
     35        139      19.10    18.4243      11.13
     35        140      19.37    17.8084      12.09
     35        141      19.00    18.2146      11.26
     35        142      19.10    17.9684      10.68
     35        143      19.49    17.8343      11.87
     35        144      19.47    17.8574      11.73
     35        145      19.02    17.8767      10.51
     35        146      19.44    17.8321      10.81
     35        147      18.99    18.5382      11.00
     35        148      19.78    18.4906       9.88
     35        149      19.07    18.0754      12.01
     35        150      18.92    18.0453      11.69
     35        151      18.90    18.0951      10.71
     35        152      19.67    17.9927      11.56
     35        153      19.15    18.0078      11.65
     35        154      19.20    17.5648      10.54
     35        155      18.60    18.2111       9.53
     35        156      19.03    18.0310      11.25
     35        157      19.13    17.7662      11.39
     35        158      18.88    18.0193      10.02
     35        159      19.21    18.2861      10.95
     35        160      19.31    18.1093      11.57
     35        161      18.84    17.7861      11.08
     35        162      19.14    17.5913       9.90
     35        163      19.36    17.9710       8.98
     35        164      19.23    17.4508      12.15
     35        165      18.91    18.2668      11.62
     35        166      18.79    17.4545      11.84
     35        167      18.53    17.9075      11.54
     35        168      18.77    18.0716      11.19
     35        169      18.55    17.9815       9.89
     35        170      18.90    18.0704      10.86
     35        171      18.98    18.1090      11.33
     35        172      19.13    17.8495      11.22
     35        173      19.15    17.7956      11.01
     35        174      18.77    18.1148      11.91
     35        175      19.13    17.9904      10.68
     35        176      18.81    17.9827      10.85
     35        177      18.53    18.0701      11.72
     35        178      19.29    17.8332      11.91
     35        179      19.64    17.7953      10.82
     35        180      18.90    18.2688      11.39
     35        181      19.34    18.2638      10.54
     35        182      18.36    17.9187      11.18
     35        183      19.48    18.2649      11.72
     35        184      19.07    18.2683      10.87
     35        185      19.17    18.2497      11.95
     35        186      19.32    18.1963      10.92
     35        187      18.76    17.6108      11.66
     35        188      19.02    18.3239      11.62
     35        189      19.37    17.8017      11.99
     35        190      18.95    18.1551      10.67
     35        191      19.39    18.1305      10.85
     35        192      19.10    17.5751      10.26
     35        193      18.98    17.9445      11.80
     35        194      19.25    18.2558       8.49
     35        195      19.68    18.0188      11.49
     35        196      18.71    18.2856      10.75
     35        197      18.89    18.0879      11.70
     35        198      18.65    17.8216      10.75
     35        199      19.33    17.8806      11.32
     35        200      19.16    17.3451      11.00
     35        201      19.33    18.0165      10.64
     35        202      18.96    17.6929      11.08
     35        203      19.15    17.9703      11.99
     35        204      18.89    17.9065      11.12
     35        205      19.08    17.9684      11.07
     35        206      19.27    18.0961      12.47
     35        207      19.29    17.8097      11.88
     35        208      19.28    17.7950      10.89
     35        209      19.37    17.6723      11.95
     35        210      18.79    17.6830      11.88
     35        211      18.70    17.8919      11.24
     35        212      19.56    17.5572      10.99
     35        213      18.88    17.6859      10.63
     35        214      19.64    18.2780      10.25
     35        215      19.30    18.2547      10.80
     35        216      19.00    17.7575      11.04
     35        217      19.35    17.9840      11.44
     35        218      19.54    17.9179      11.85
     35        219      19.22    17.8332      10.75
     35        220      18.43    18.4553      11.84
     35        221      18.82    17.6155      11.14
     35        222      19.07    18.1473      11.28
     35        223      18.89    18.2345      10.48
     35        224      18.91    18.0846      10.54
     35        225      18.98    18.5095      11.67
     35        226      18.89    17.8433      10.95
     35        227      18.72    17.9469      11.60
     35        228      19.29    17.9644      11.02
     35        229      18.92    18.0540      10.70
     35        230      19.05    17.8749      11.70
     35        231      19.40    17.7905      11.63
     35        232      19.35    18.0007      11.63
     35        233      19.01    18.0351      12.28
     35        234      19.24    18.1147      11.06
     35        235      19.13    17.9217      11.06
     35        236      18.75    18.1383      10.79
     35        237      19.37    18.6080      11.82
     35        238      18.84    18.0781      10.90
     35        239      19.22    17.5147      10.35
     35        240      18.84    18.2516      11.29
     35        241      19.23    17.9932      12.06
     35        242      19.20    18.2986      11.23
     35        243      19.21    17.8610      12.11
     35        244      19.09    18.3496      11.25
     35        245      19.38    18.1724      12.29
     35        246      18.57    18.1951      11.76
     35        247      19.12    18.3084      10.58
     35        248      19.22    17.7003      11.21
     35        249      18.94    17.1470      10.66
     35        250      19.38    18.1561      11.35
     35        251      19.48    17.8296      10.81
     35        252      19.26    18.0579      12.41
     35        253      19.04    18.3714      10.69
     35        254      19.12    17.1549      11.57
     35        255      18.98    18.0391      11.32
     35        256      19.10    17.9373      10.92
     35        257      19.50    18.1505      11.85
     35        258      18.90    18.1327      10.26
     35        259      18.98    18.1281      12.25
     35        260      19.42    18.2233      11.98
     35        261      18.68    18.2873      11.38
     35        262      18.94    18.1749      10.85
     35        263      19.21    18.1983      11.32
     35        264      19.05    18.0258      11.91
     35        265      19.40    17.7630      10.39
     35        266      18.72    18.2857      11.49
     35        267      18.51    18.2312      11.19
     35        268      19.56    18.0039      11.76
     35        269      19.30    18.0955      10.42
     35        270      19.28    17.8494      11.85
     35        271      19.04    18.0198      11.04
     35        272      18.84    18.0866      10.18
     35        273      19.15    17.6471      11.08
     35        274      19.49    17.6733      11.79
     35        275      19.28    18.3391      11.15
     35        276      19.51    17.6642      11.17
     35        277      18.67    17.5912      12.05
     35        278      18.45    17.6946      11.27
     35        279      18.64    17.9517      11.78
     35        280      19.12    18.2293      10.91
     35        281      19.01    17.8719      10.99
     35        282      19.25    18.1900      11.76
     35        283      18.99    17.9569      11.49
     35        284      18.98    17.7799      11.94
     35        285      18.74    17.7938      11.73
     35        286      19.37    18.2174      11.65
     35        287      19.36    17.7875      11.54
     35        288      19.22    18.0625      10.46
     35        289      19.16    18.1745      11.78
     35        290      18.90    18.2485      10.32
     35        291      18.76    17.8203      11.21
     35        292      19.26    17.9568      11.63
     35        293      18.89    18.1640      10.45
     35        294      19.30    18.3123      10.83
     35        295      19.23    17.7493      10.63
     35        296      19.05    17.8937      11.64
     35        297      18.94    17.9572      10.94
     35        298      18.84    17.4912      11.74
     35        299      18.76    18.0229      10.48
     35        300      19.63    17.7314      11.23
     35        301      19.11    17.8806      11.73
     35        302      18.97    18.2525      10.38
     35        303      18.81    17.3926      12.15
     35        304      18.95    17.7845      11.28
     35        305      19.08    18.0662      10.76
     35        306      18.85    18.3449      10.85
     35        307      19.70    17.7279      11.49
     35        308      19.11    17.4673      11.92
     35        309      19.31    17.8395      10.85
     35        310      18.78    17.8326      10.87
     35        311      18.11    18.0845      11.42
     35        312      19.25    17.4573      11.68
     35        313      18.91    18.0223      10.18
     35        314      19.02    17.8277      11.84
     35        315      19.05    18.0776      12.17
     35        316      18.67    17.5616      11.88
     35        317      19.59    18.0606      11.95
     35        318      19.29    17.6643      10.88
     35        319      19.38    17.6684      12.11
     35        320      18.85    17.7735      10.41
     35        321      19.26    18.2930      11.87
     35        322      18.87    18.0702       9.53
     35        323      19.33    17.9889      10.59
     35        324      19.33    18.4542      10.99
     35        325      19.16    17.6681      11.00
     35        326      18.80    17.9044      11.78
     35        327      19.53    18.1896      10.45
     35        328      18.79    17.5928      11.43
     35        329      19.21    17.7994      11.94
     35        330      19.30    18.3113      10.70
     35        331      18.38    18.5029      11.22
     35        332      18.45    17.8675      11.01
     35        333      18.95    17.7144      11.00
     35        334      18.60    18.2635      10.62
     35        335      18.86    18.3989       9.87
     35        336      18.34    18.1012      11.45
     35        337      19.26    17.8884      11.23
     35        338      19.14    18.4637      11.69
     35        339      18.68    18.3050      12.10
     35        340      19.31    18.1693      11.13
     35        341      18.96    17.6770      11.29
     35        342      18.99    18.1926      11.68
     35        343      19.07    18.0205      10.44
     35        344      19.61    17.7699      10.22
     35        345      19.08    17.9562      11.15
     35        346      19.25    17.9947      11.83
     35        347      19.54    17.8655      10.98
     35        348      19.21    17.6821      11.47
     35        349      19.13    17.7291      11.50
     35        350      18.82    17.7015      11.46
     35        351      19.00    17.8872      10.45
     35        352      19.43    17.7384      10.83
     35        353      19.54    17.9884      11.61
     35        354      19.44    17.7638      10.46
     35        355      18.60    17.8040      11.54
     35        356      19.09    17.9520      10.78
     35        357      19.04    17.9125      11.07
     35        358      19.33    17.8804      11.20
     35        359      19.03    18.1517      11.57
     35        360      19.67    17.9197      11.68
     35        361      19.24    18.2175      11.29
     35        362      19.19    17.9856      12.54
     35        363      18.67    18.1311      10.34
     35        364      18.94    17.6396      11.88
     35        365      19.59    18.3778      10.78
     35        366      18.85    17.5401      11.68
     35        367      18.76    18.6990      11.18
     35        368      19.23    17.9250      11.05
     35        369      19.22    17.7790      11.41
     35        370      18.81    18.1045      11.38
     35        371      19.40    18.0690      10.79
     35        372      19.40    18.2219      10.88
     35        373      19.04    17.6221      11.10
     35        374      19.10    17.9873      11.87
     35        375      19.50    17.9148      10.03
     35        376      18.88    17.6492      10.82
     35        377      18.88    18.1767      12.06
     35        378      19.04    18.1503      11.61
     35        379      19.29    17.6396      12.18
     35        380      18.88    17.9723      11.07
     35        381      19.43    18.1133      11.61
     35        382      19.06    17.8604      11.59
     35        383      19.32    18.2615      11.18
     35        384      19.20    18.3530      11.27
     35        385      19.73    17.9503      10.78
     35        386      19.15    17.9474      11.61
     35        387      19.30    17.9894      10.38
     35        388      19.41    17.8620      11.19
     35        389      18.72    17.9549      10.26
     35        390      19.11    18.0048      11.29
     35        391      19.09    17.6047      12.13
     35        392      19.23    17.9642      10.46
     35        393      19.39    18.0609      11.69
     35        394      18.67    17.6483      11.19
     35        395      18.59    18.0021      11.32
     35        396      18.93    17.8253      11.68
     35        397      19.26    17.5023      10.89
     35        398      18.14    18.2411      10.72
     35        399      19.04    17.9729      11.30
     35        400      18.91    18.2399      11.53
     35        401      19.25    18.3539      11.88
     35        402      18.94    18.6510      10.99
     35        403      18.69    18.0719      10.99
     35        404      18.93    17.7217      10.39
     35        405      19.41    18.0051      11.13
     35        406      19.13    18.3112      10.87
     35        407      19.13    18.3304      10.99
     35        408      19.13    17.8729      10.63
     35        409      18.71    18.1411      11.96
     35        410      19.20    18.0934      10.80
     35        411      18.97    17.5601      11.10
     35        412      18.60    18.1698      11.59
     35        413      18.89    17.8576      12.06
     35        414      19.06    17.9472      11.81
     35        415      19.00    18.3980      11.35
     35        416      18.80    17.9912      11.38
     35        417      19.05    18.0862      11.80
     35        418      18.76    18.1321      11.26
     35        419      18.49    18.5716      11.88
     35        420      19.20    17.9786      11.05
     35        421      18.68    17.6199      11.55
     35        422      19.16    17.9961      12.01
     35        423      19.29    18.2248      11.40
     35        424      19.19    18.1505      10.40
     35        425      19.51    17.8290      11.32
     35        426      19.08    18.0735      11.33
     35        427      19.27    18.2697      12.36
     35        428      19.08    18.1688      10.80
     35        429      19.32    18.2169      11.81
     35        430      19.13    18.3371      11.26
     35        431      19.08    18.1922      12.24
     35        432      19.11    17.7631      11.43
     35        433      18.76    18.2304      11.68
     35        434      19.03    17.9338      11.66
     35        435      19.52    18.3144      11.54
     35        436      18.72    17.7590      11.44
     35        437      19.13    17.8818       8.70
     35        438      18.81    18.0946      11.31
     35        439      18.87    18.2372      10.69
     35        440      18.59    17.5287      11.82
     35        441      18.76    17.7453       9.94
     35        442      19.52    17.8951      12.21
     35        443      19.02    17.7937      10.12
     35        444      19.09    18.0721      11.97
     35        445      19.24    17.8028      11.78
     35        446      19.09    17.5491      11.34
     35        447      18.96    17.8376      10.89
     35        448      19.20    17.8939      10.72
     35        449      19.35    18.0261      12.11
     35        450      19.53    17.7978       9.99
     35        451      18.87    18.4729      11.11
     35        452      19.12    18.1152      10.54
     35        453      18.82    17.8248      11.04
     35        454      18.65    18.3838      11.51
     35        455      19.10    18.0577       9.73
     35        456      18.93    18.1355      11.82
     35        457      19.05    18.0183      10.60
     35        458      19.18    18.0958      11.36
     35        459      19.54    17.7649      10.92
     35        460      18.81    18.1973      10.46
     35        461      19.20    17.4753      10.74
     35        462      19.17    18.0233      11.28
     35        463      19.43    17.9584      11.09
     35        464      19.34    17.5538      11.81
     35        465      18.83    17.8423      11.82
     35        466      18.83    18.1253      10.29
     35        467      19.04    18.1867      11.22
     35        468      19.26    17.5437      11.84
     35        469      19.61    17.9182       9.13
     35        470      19.44    18.1491      11.53
     35        471      19.07    17.5886      11.14
     35        472      18.86    17.9342      11.42
     35        473      19.12    17.7329      12.24
     35        474      18.48    18.2012      11.20
     35        475      19.35    17.5495      11.24
     35        476      19.22    17.7978       9.79
     35        477      18.78    18.0060       9.54
     35        478      19.31    17.7709      10.67
     35        479      19.09    17.1949      10.68
     35        480      19.37    18.1542      12.37
     35        481      19.05    17.5384      11.90
     35        482      19.31    18.1161      11.23
     35        483      19.08    18.0512      11.75
     35        484      19.45    18.2092      10.49
     35        485      19.53    17.9215      10.48
     35        486      19.33    18.1033      10.96
     35        487      19.14    18.0636      10.05
     35        488      18.76    18.2518       9.15
     35        489      19.34    17.9532      12.03
     35        490      19.05    18.2079      11.72
     35        491      19.32    17.9171      12.10
     35        492      19.23    18.1996      11.77
     35        493      18.98    18.0475      11.10
     35        494      18.92    18.0824      11.67
     35        495      18.94    17.7438      11.36
     35        496      19.34    17.8299      11.89
     35        497      19.29    18.2168      11.05
     35        498      19.56    17.8410      12.03
     35        499      19.31    17.8222      11.30
     35        500      19.27    18.1322      12.48
