     45          1      21.57    21.3544      17.28
     45          2       0.00     0.0000       0.00
     45          3       0.00     0.0000       0.00
     45          4       0.00     0.0000       0.00
     45          5       0.00     0.0000       0.00
     45          6       0.00     0.0000       0.00
     45          7       0.00     0.0000       0.00
     45          8      22.06    21.2210      17.41
     45          9       0.00     0.0000       0.00
     45         10       0.00     0.0000       0.00
