     25          1      16.31    14.5749      10.63
     25          2      16.51    14.3184      11.08
     25          3      16.18    14.1547      11.99
     25          4      16.32    14.0960      11.31
     25          5      16.15    14.5513      11.89
     25          6      15.59    14.8174      11.24
     25          7      16.28    14.2363      11.95
     25          8      15.96    14.5625      10.57
     25          9      16.26    14.6414      10.93
     25         10      16.12    14.7162      11.11
     25         11      16.37    14.1635      11.17
     25         12      16.08    14.4145      12.16
     25         13      16.10    14.2300      11.75
     25         14      15.86    15.1534      11.67
     25         15      15.68    14.5825      11.77
     25         16      16.15    14.7347      11.34
     25         17      15.48    14.8221      11.14
     25         18      16.04    14.3555      12.11
     25         19      16.51    14.5189      11.39
     25         20      15.84    14.8612      11.18
     25         21      15.69    14.5084      10.35
     25         22      15.67    14.2498      11.12
     25         23      15.84    14.4690      11.11
     25         24      15.83    14.6367      11.57
     25         25      15.89    14.2440      11.73
     25         26      16.30    15.0211      10.95
     25         27      15.25    13.8812      12.17
     25         28      16.25    14.6913      10.54
     25         29      16.20    14.7604      11.52
     25         30      16.48    14.7386      10.71
     25         31      16.08    14.7531      11.16
     25         32      16.15    14.5314      10.04
     25         33      16.40    14.7784      11.49
     25         34      15.93    14.1908      11.26
     25         35      16.24    14.6590      10.92
     25         36      16.27    14.0690       9.92
     25         37      16.53    14.6830      12.08
     25         38      15.86    14.3018      11.24
     25         39      16.17    14.8428      11.21
     25         40      15.89    14.2469      11.23
     25         41      15.87    13.8563      11.24
     25         42      16.32    14.5187      11.29
     25         43      16.22    14.6804      10.50
     25         44      16.46    14.4424      11.47
     25         45      16.58    14.3706      10.90
     25         46      16.28    14.4134       9.92
     25         47      16.10    14.1488      11.53
     25         48      15.91    14.5985      11.59
     25         49      16.23    14.5866      11.98
     25         50      16.45    14.3863      11.80
     25         51      15.97    14.6302      11.05
     25         52      16.14    13.8071      11.01
     25         53      15.98    14.5765      12.10
     25         54      15.96    13.7610      12.04
     25         55      16.07    14.2876      11.53
     25         56      16.10    14.7926      11.81
     25         57      16.13    14.5316      11.13
     25         58      16.05    14.5774      11.09
     25         59      16.36    14.7039      11.38
     25         60      16.25    14.4572      11.57
     25         61      15.76    14.4447      10.95
     25         62      16.37    14.7339      11.87
     25         63      16.05    14.3235      10.93
     25         64      16.25    14.3173      12.02
     25         65      16.13    14.6458      11.65
     25         66      16.03    14.8473      10.79
     25         67      15.87    14.6744      11.83
     25         68      16.51    14.3267      11.19
     25         69      16.15    14.8189      10.28
     25         70      15.89    14.6271      10.41
     25         71      16.03    14.7144      10.74
     25         72      16.38    14.0778      10.73
     25         73      16.22    14.4529      11.67
     25         74      15.80    13.9462      10.67
     25         75      16.09    13.8554      11.73
     25         76      15.75    13.5161      11.14
     25         77      16.46    14.3185      11.45
     25         78      16.15    14.4230      11.02
     25         79      16.06    13.2802      11.36
     25         80      15.98    14.3219      12.32
     25         81      16.08    14.3707       9.64
     25         82      16.29    14.4209      10.86
     25         83      15.97    14.5373      11.57
     25         84      15.86    14.3454      11.60
     25         85      15.80    14.8363      11.22
     25         86      15.90    14.4957      11.24
     25         87      15.92    14.6526      11.55
     25         88      15.70    13.9764      11.10
     25         89      15.91    14.3963      11.06
     25         90      16.28    14.2685      11.66
     25         91      16.10    14.6133      12.18
     25         92      16.56    14.2160      10.65
     25         93      16.44    13.3985      10.89
     25         94      16.29    14.6088      12.00
     25         95      16.06    13.4046      11.52
     25         96      16.10    14.6405      11.77
     25         97      16.02    14.3271      11.76
     25         98      16.15    15.0557      11.71
     25         99      15.90    14.7583      11.54
     25        100      15.76    14.4903      11.72
     25        101      16.34    14.4213      11.61
     25        102      16.10    14.3544      11.33
     25        103      16.20    14.1576      11.98
     25        104      16.38    14.6752      11.24
     25        105      15.87    14.0669      10.78
     25        106      15.97    14.1267      11.00
     25        107      16.60    14.4151      10.29
     25        108      16.12    14.3817      11.81
     25        109      16.37    14.8341      10.65
     25        110      16.11    13.8718      12.22
     25        111      15.68    14.2602      11.92
     25        112      16.15    14.3773      11.61
     25        113      16.21    14.6893      11.99
     25        114      15.98    14.1927      10.03
     25        115      16.06    14.6085      11.67
     25        116      16.09    14.6430      11.13
     25        117      16.62    14.7622      10.86
     25        118      15.93    14.1929      11.81
     25        119      16.33    14.4005      12.26
     25        120      16.11    14.9003      10.86
     25        121      16.34    14.5625      12.02
     25        122      16.24    14.4087      11.91
     25        123      16.19    14.5402      11.55
     25        124      16.12    14.4967      11.08
     25        125      16.45    14.4287      11.98
     25        126      16.52    14.7462      10.86
     25        127      16.56    14.2011      11.93
     25        128      16.25    14.3007      11.44
     25        129      16.28    14.5599      12.14
     25        130      15.70    14.8990      11.61
     25        131      16.36    14.1665      10.96
     25        132      15.85    14.5940      11.47
     25        133      16.14    14.3827      11.58
     25        134      15.58    14.9237       9.44
     25        135      16.05    14.2585      11.32
     25        136      16.28    14.5284      11.23
     25        137      16.38    14.1714      11.26
     25        138      16.33    14.7724      10.75
     25        139      16.21    14.7956      11.42
     25        140      15.87    13.8944      11.89
     25        141      16.02    14.1167      10.19
     25        142      15.85    14.3262      10.99
     25        143      16.45    14.8362      11.51
     25        144      16.15    14.6651      11.40
     25        145      16.04    14.0253      11.37
     25        146      16.40    14.9325      11.72
     25        147      16.37    14.8508      11.63
     25        148      16.28    14.9557      10.18
     25        149      16.03    14.6907      11.72
     25        150      16.26    14.5451      12.00
     25        151      16.25    14.6276      11.15
     25        152      16.14    14.6123      11.98
     25        153      15.95    14.0759      11.44
     25        154      16.18    14.4734      11.25
     25        155      16.22    14.1942      11.03
     25        156      15.75    14.2549      10.83
     25        157      15.99    14.1671      11.10
     25        158      15.81    14.4551      10.29
     25        159      16.26    14.2428      11.91
     25        160      16.01    14.5057      11.73
     25        161      16.33    14.1956       9.91
     25        162      16.26    14.2680      11.61
     25        163      16.19    14.4923      11.26
     25        164      15.95    14.6218      11.18
     25        165      15.77    14.7101      10.91
     25        166      15.94    14.7599      11.53
     25        167      16.28    14.4432      10.58
     25        168      16.23    14.5552      11.47
     25        169      16.21    14.5202      11.77
     25        170      16.29    14.7955      10.85
     25        171      15.96    14.6696      11.39
     25        172      16.52    14.5342      10.18
     25        173      16.19    14.2820      11.56
     25        174      16.42    14.7815      10.79
     25        175      16.65    14.5848      11.45
     25        176      15.88    14.1999      11.77
     25        177      16.04    14.5865      11.19
     25        178      16.05    14.0471      11.75
     25        179      16.25    14.7398      11.53
     25        180      16.28    14.5617      11.60
     25        181      15.67    14.1880      11.83
     25        182      16.38    14.3306      11.10
     25        183      16.11    14.8500      11.95
     25        184      15.63    14.5188      11.70
     25        185      16.28    14.4253      10.99
     25        186      16.43    14.0427      11.31
     25        187      16.06    14.5048      11.16
     25        188      16.05    14.2585      11.79
     25        189      16.09    14.1563      11.98
     25        190      16.22    14.4581       9.95
     25        191      16.36    14.5165      10.59
     25        192      15.77    14.4961      11.36
     25        193      16.28    14.4096      10.59
     25        194      16.01    14.4131      11.21
     25        195      16.48    14.3524      10.49
     25        196      16.18    14.5939      11.74
     25        197      16.31    14.2090      11.01
     25        198      16.21    14.7953      10.28
     25        199      16.24    14.7962      11.97
     25        200      16.02    14.7328      11.77
     25        201      16.06    14.3287      11.96
     25        202      16.35    14.2999       9.31
     25        203      16.52    14.8091       9.78
     25        204      16.15    14.6102      12.01
     25        205      16.23    14.3954      11.50
     25        206      15.95    14.4192      11.78
     25        207      15.53    14.3395      12.15
     25        208      16.47    14.3001      10.85
     25        209      15.59    14.7630      11.71
     25        210      16.13    13.9923      11.57
     25        211      15.84    14.5958      11.39
     25        212      16.04    14.4374      11.43
     25        213      16.60    14.6607      11.28
     25        214      16.18    14.6378      11.37
     25        215      16.38    14.6695      10.73
     25        216      16.31    14.5988      11.46
     25        217      16.19    14.5022       9.98
     25        218      16.45    14.3880      11.10
     25        219      16.05    13.5468      11.17
     25        220      15.85    14.0296      11.93
     25        221      16.21    14.8256      10.57
     25        222      16.19    13.7913      12.30
     25        223      16.10    14.7009      11.97
     25        224      16.25    13.8901      12.27
     25        225      15.78    14.3516      11.65
     25        226      15.70    14.5420      11.86
     25        227      16.20    14.4638      11.60
     25        228      16.23    14.9435      11.60
     25        229      16.25    14.5531      10.51
     25        230      16.28    14.5482      11.04
     25        231      16.39    14.8437       9.86
     25        232      16.41    14.7262      10.85
     25        233      16.01    14.1824      10.46
     25        234      16.31    14.1358      10.34
     25        235      16.20    14.5342      11.03
     25        236      15.64    14.6935      11.50
     25        237      16.27    14.5850      11.69
     25        238      16.03    14.2161      11.77
     25        239      16.39    13.7090      10.00
     25        240      16.03    14.6053      10.68
     25        241      16.25    14.0931      10.67
     25        242      16.17    14.4720      10.96
     25        243      16.65    14.2116      11.35
     25        244      16.24    14.4461      11.32
     25        245      16.26    14.4066      10.23
     25        246      16.13    14.5597       9.48
     25        247      16.12    14.8698      11.86
     25        248      16.36    14.8020      11.23
     25        249      16.06    14.5172      11.03
     25        250      15.34    14.0274      11.60
     25        251      15.87    14.5144      11.54
     25        252      15.82    14.6841      11.63
     25        253      15.96    14.5680      10.53
     25        254      15.67    14.1241      11.63
     25        255      16.56    14.1342      11.12
     25        256      16.44    14.6263      11.80
     25        257      15.98    14.5068      10.89
     25        258      16.00    14.6718      11.42
     25        259      15.96    14.3855      10.78
     25        260      16.02    14.4715      12.29
     25        261      16.13    14.4518      10.26
     25        262      16.72    14.3399      11.95
     25        263      16.07    14.2721      11.26
     25        264      15.80    14.4331      10.56
     25        265      15.81    14.4791      10.94
     25        266      16.22    14.2710      11.45
     25        267      16.12    14.0243      11.12
     25        268      16.19    14.6356      12.01
     25        269      16.48    14.2676      10.89
     25        270      16.26    14.6124      12.06
     25        271      15.96    14.4809      10.62
     25        272      16.13    14.6484       9.47
     25        273      16.38    14.7713      11.09
     25        274      16.13    14.7778      11.81
     25        275      16.52    14.2546      12.12
     25        276      15.81    14.9795      11.61
     25        277      16.13    14.2144      11.67
     25        278      16.02    14.1243      10.93
     25        279      16.53    14.2986      11.53
     25        280      15.89    14.5897      12.28
     25        281      15.88    14.2278      11.27
     25        282      16.25    14.0899      10.01
     25        283      15.94    15.0752      12.21
     25        284      15.87    13.8832      10.98
     25        285      16.26    15.0483      11.49
     25        286      16.11    14.2580      10.87
     25        287      16.11    14.2864      11.53
     25        288      16.10    14.4892      11.20
     25        289      16.05    14.3212      11.06
     25        290      16.03    14.4831      11.08
     25        291      16.05    14.0217      11.66
     25        292      16.38    14.3948      11.26
     25        293      15.67    14.5041      11.16
     25        294      15.77    14.6216      10.31
     25        295      16.36    14.3860      10.47
     25        296      16.13    14.2513      11.59
     25        297      16.28    14.2074      10.22
     25        298      16.02    14.3464      11.70
     25        299      15.68    14.7250      11.25
     25        300      16.56    14.3063      10.43
     25        301      15.63    14.3930      11.71
     25        302      16.03    14.1662      12.09
     25        303      16.07    14.5177       9.85
     25        304      16.46    13.8373      11.92
     25        305      16.08    14.2327      10.73
     25        306      16.51    14.2618      11.74
     25        307      16.18    14.0086      10.73
     25        308      15.59    14.4867      12.28
     25        309      16.03    14.6734      11.87
     25        310      15.82    14.4261      10.30
     25        311      16.08    14.2777      11.61
     25        312      15.88    14.4765      12.42
     25        313      16.42    14.4531      10.42
     25        314      15.78    14.2366      11.23
     25        315      16.23    14.7486      11.70
     25        316      16.20    14.9024      10.36
     25        317      16.32    13.7280      11.55
     25        318      16.22    14.2894      11.17
     25        319      16.06    14.4600      11.57
     25        320      16.05    14.4434      11.63
     25        321      16.09    14.2738      11.55
     25        322      16.04    14.5457      11.69
     25        323      16.12    14.2454      11.35
     25        324      15.72    14.3420      11.77
     25        325      15.72    13.8538      11.06
     25        326      16.22    13.7969      10.97
     25        327      15.83    14.4894      11.62
     25        328      16.29    14.5768      11.62
     25        329      16.42    14.1035       9.96
     25        330      16.55    14.1342      11.08
     25        331      16.54    14.4641      11.44
     25        332      16.43    14.4120      12.27
     25        333      16.44    14.4880      11.21
     25        334      15.96    14.6938      11.52
     25        335      16.52    14.4480      12.04
     25        336      16.28    14.3000      10.65
     25        337      15.57    14.7060      10.99
     25        338      16.11    14.7395      10.49
     25        339      15.99    14.7636      11.84
     25        340      16.56    14.5576      11.57
     25        341      16.38    14.2110      11.51
     25        342      15.87    14.4585      10.57
     25        343      16.13    14.5037      10.41
     25        344      16.07    14.7133      11.64
     25        345      16.25    14.7076      10.30
     25        346      16.47    14.4346      11.54
     25        347      15.95    14.3825      10.70
     25        348      16.01    14.8409      11.78
     25        349      16.09    14.2220      10.96
     25        350      15.84    14.7862      11.62
     25        351      16.23    14.6075      11.24
     25        352      16.08    14.6687      11.70
     25        353      16.25    14.7283      12.13
     25        354      16.27    14.1338      11.13
     25        355      16.34    14.3489      10.91
     25        356      16.25    14.6909      11.43
     25        357      16.41    14.3131      11.41
     25        358      16.01    14.2725      10.59
     25        359      16.05    13.8918      11.80
     25        360      16.22    14.4304      11.23
     25        361      15.80    14.4603      11.40
     25        362      16.10    14.5823      11.26
     25        363      15.90    14.4097      11.23
     25        364      16.52    14.0522      11.41
     25        365      16.05    14.3199      12.03
     25        366      15.83    14.4296      10.88
     25        367      16.08    13.8269      10.66
     25        368      15.86    13.6839      10.59
     25        369      16.06    13.5092      11.88
     25        370      15.74    14.3015      10.87
     25        371      16.16    14.9811      11.95
     25        372      16.10    14.6052      11.78
     25        373      15.78    14.5278      11.38
     25        374      16.40    14.0180      11.94
     25        375      16.25    14.6227       9.72
     25        376      16.27    14.8224      11.77
     25        377      16.01    14.6648      11.75
     25        378      15.81    14.5871      10.69
     25        379      16.24    14.5931      11.05
     25        380      16.00    14.3407      10.57
     25        381      15.99    14.4800      11.90
     25        382      15.80    14.4787      10.73
     25        383      16.24    14.6953      11.54
     25        384      16.37    14.1056      10.87
     25        385      16.04    14.4849      10.84
     25        386      16.05    14.3310      12.16
     25        387      16.60    14.4084      11.48
     25        388      15.26    14.6191      10.98
     25        389      16.13    14.5308      11.98
     25        390      16.02    14.2570      11.27
     25        391      15.80    14.5327      11.25
     25        392      16.14    14.4628      10.79
     25        393      16.29    14.2939      10.62
     25        394      16.30    14.4576      10.66
     25        395      15.65    14.1311      11.14
     25        396      16.04    14.1357      11.51
     25        397      15.10    14.4803      10.28
     25        398      16.15    14.3736      11.38
     25        399      16.09    14.9056      10.86
     25        400      15.81    13.9006       9.35
     25        401      16.11    14.6107      10.01
     25        402      16.04    13.9941      11.09
     25        403      16.09    14.6549      11.45
     25        404      16.08    14.1674      11.15
     25        405      16.31    14.6989      11.52
     25        406      16.24    14.3799      11.80
     25        407      16.46    14.7116      10.91
     25        408      16.29    14.8157      11.84
     25        409      16.26    14.4360      10.21
     25        410      16.09    13.5826      11.94
     25        411      16.20    14.5893      11.73
     25        412      15.56    14.6404      10.46
     25        413      15.98    13.7917      11.24
     25        414      15.97    13.9377      10.82
     25        415      16.11    14.4628      10.87
     25        416      16.34    13.9722      10.47
     25        417      16.21    14.3897      11.02
     25        418      16.04    14.3444      11.48
     25        419      16.30    13.7598      11.61
     25        420      15.74    14.5593      11.32
     25        421      16.12    14.6193      11.78
     25        422      15.96    14.8332      11.17
     25        423      15.16    13.8032      11.02
     25        424      16.10    14.5029      11.12
     25        425      16.25    14.6540      10.90
     25        426      16.41    14.4613      11.94
     25        427      15.87    14.2853      10.42
     25        428      16.20    14.7556      11.40
     25        429      16.11    13.7780      10.87
     25        430      16.05    14.4968      12.25
     25        431      16.36    14.1526      11.06
     25        432      16.28    13.9004      10.81
     25        433      16.18    14.6362      11.20
     25        434      16.01    14.3597       9.32
     25        435      16.33    14.8346      11.70
     25        436      16.36    13.8077      11.85
     25        437      15.93    14.1695      11.54
     25        438      16.16    14.7363      11.99
     25        439      16.28    15.0402      11.47
     25        440      16.16    14.4680      11.25
     25        441      16.29    14.2246      10.52
     25        442      16.22    14.2319      11.43
     25        443      16.04    14.2269      11.44
     25        444      16.08    14.5706      11.78
     25        445      15.90    14.4893      10.54
     25        446      16.44    14.0172      10.71
     25        447      16.33    14.4251      11.01
     25        448      15.90    14.8935       9.97
     25        449      16.02    14.5923      11.36
     25        450      16.41    14.0853      11.19
     25        451      16.30    14.5262      10.11
     25        452      16.59    14.5714      10.68
     25        453      15.82    14.3891      10.71
     25        454      16.42    14.4306      11.39
     25        455      16.15    14.6090      11.71
     25        456      16.14    14.4066      11.69
     25        457      15.75    14.4693       9.66
     25        458      16.00    14.6153      11.64
     25        459      15.83    14.7979      10.98
     25        460      16.11    13.7303      11.90
     25        461      16.56    14.6061      11.27
     25        462      16.09    14.6989      10.75
     25        463      16.14    14.4958      11.12
     25        464      15.93    14.1598      11.63
     25        465      16.13    14.1591      11.86
     25        466      16.46    14.6214      11.28
     25        467      16.15    14.7595      11.47
     25        468      16.34    14.8720      11.35
     25        469      15.88    14.3217      10.43
     25        470      16.19    14.4591      10.86
     25        471      16.15    14.9751      11.15
     25        472      15.66    14.4917      11.69
     25        473      16.04    13.9818      11.57
     25        474      15.84    14.4711      11.06
     25        475      16.37    14.5491      10.72
     25        476      16.12    14.4562      11.64
     25        477      16.07    14.1020      10.63
     25        478      16.44    14.2906      11.10
     25        479      15.66    14.7677      11.58
     25        480      15.89    14.1012      11.37
     25        481      16.14    14.2405      11.95
     25        482      16.29    14.5016      11.49
     25        483      15.98    14.4778      10.80
     25        484      16.14    14.2716      11.68
     25        485      16.49    14.4103      12.20
     25        486      16.42    14.5298      11.46
     25        487      16.17    14.4646      10.42
     25        488      16.43    14.1295      10.24
     25        489      16.19    14.7542      12.32
     25        490      16.19    14.5496      11.86
     25        491      15.67    14.4951      11.79
     25        492      15.97    14.6640      10.73
     25        493      16.28    14.0196      11.97
     25        494      16.46    14.4894      11.52
     25        495      15.83    14.4239      11.85
     25        496      16.35    14.1151      12.02
     25        497      16.32    13.9301      12.12
     25        498      15.59    14.8354      11.74
     25        499      16.31    14.3698      12.43
     25        500      16.21    14.1946      11.21
