     30          1      17.63    15.3660      11.74
     30          2      18.04    16.3140      11.25
     30          3      17.98    16.2641      12.08
     30          4      17.59    15.8586      10.74
     30          5      17.81    16.4584      11.29
     30          6      18.00    16.3643      11.10
     30          7      17.80    15.9484      11.59
     30          8      17.99    16.2963      11.84
     30          9      17.92    16.0682      11.01
     30         10      18.03    16.0750      11.02
     30         11      18.47    15.8398      11.13
     30         12      18.08    16.1957      11.32
     30         13      17.96    15.7330      11.36
     30         14      17.86    15.5093      10.35
     30         15      17.92    16.3744      11.77
     30         16      18.18    16.0144      11.95
     30         17      18.11    15.5921      11.18
     30         18      17.90    16.0747      11.10
     30         19      17.69    16.5043      11.55
     30         20      17.55    15.2801      11.64
     30         21      18.20    16.2209      11.48
     30         22      17.63    15.7994      11.41
     30         23      17.48    16.0076      11.10
     30         24      17.05    15.9860      11.21
     30         25      18.15    15.8656      10.78
     30         26      17.51    16.0851      10.85
     30         27      18.19    16.2445      11.57
     30         28      17.19    16.5170      10.86
     30         29      18.00    16.1575      10.94
     30         30      17.32    16.5657      11.44
     30         31      17.43    16.4353      11.72
     30         32      17.93    15.8161      11.60
     30         33      17.97    16.0894      11.58
     30         34      18.10    16.0224      11.02
     30         35      17.72    16.6551      11.57
     30         36      17.74    15.9814      12.19
     30         37      17.38    16.4157      11.60
     30         38      17.78    16.4080      10.85
     30         39      17.64    16.0136      11.66
     30         40      17.55    16.0122      11.12
     30         41      17.88    15.8795      11.32
     30         42      17.65    16.1648      11.56
     30         43      17.46    16.3689      11.41
     30         44      17.59    15.7777      11.10
     30         45      18.11    16.1018      11.73
     30         46      17.42    16.2778      11.49
     30         47      17.68    15.5036      10.72
     30         48      17.71    15.9657       9.95
     30         49      17.91    15.9946       9.95
     30         50      18.04    15.8141      10.89
     30         51      17.68    16.1018      10.72
     30         52      17.60    15.7586      11.29
     30         53      17.98    16.0393      11.23
     30         54      17.73    16.0680      11.66
     30         55      18.25    16.0227      12.18
     30         56      17.92    16.2773      10.65
     30         57      17.96    16.1941      12.37
     30         58      18.23    16.1269      11.09
     30         59      17.94    16.4259      11.56
     30         60      17.84    16.2568      11.40
     30         61      18.23    15.9746       9.61
     30         62      17.81    15.7750      11.08
     30         63      17.92    16.1424      11.59
     30         64      18.12    16.2374      10.91
     30         65      17.88    16.1626      10.31
     30         66      17.88    15.7707      10.56
     30         67      18.29    15.9915      12.00
     30         68      17.59    16.1794      11.17
     30         69      17.82    16.3303      10.49
     30         70      17.97    15.9876      11.37
     30         71      18.13    16.4104      12.16
     30         72      17.84    16.5914      11.19
     30         73      18.15    16.4222      11.40
     30         74      17.83    16.5799      10.14
     30         75      17.78    15.5589      10.75
     30         76      18.09    16.0662      12.25
     30         77      17.66    15.9692      11.86
     30         78      17.93    16.1795      11.78
     30         79      17.66    16.1028      11.55
     30         80      17.96    16.3561      10.35
     30         81      17.74    15.8323      10.06
     30         82      17.38    16.1304      11.32
     30         83      17.81    16.2923       9.31
     30         84      17.95    16.4341       9.94
     30         85      17.51    16.4938      11.46
     30         86      17.21    16.1390      11.35
     30         87      17.70    16.3921      11.63
     30         88      17.65    16.4523      12.16
     30         89      17.84    16.0540      11.16
     30         90      17.83    16.2884      10.88
     30         91      17.84    16.2838      11.49
     30         92      17.53    16.5601      11.35
     30         93      18.17    16.4361      10.62
     30         94      17.89    16.1838      11.57
     30         95      17.80    16.4252      10.78
     30         96      17.54    15.8474      10.98
     30         97      17.72    15.7682      10.86
     30         98      17.95    16.6487      10.79
     30         99      17.73    15.7428      11.33
     30        100      17.59    16.0778      11.73
     30        101      17.58    15.6428      11.10
     30        102      17.95    16.2345      11.64
     30        103      17.51    16.2850      10.86
     30        104      17.67    16.2559      10.95
     30        105      17.98    16.2393      11.92
     30        106      17.63    16.1294      11.51
     30        107      17.58    16.4918      11.08
     30        108      18.04    16.0133      10.13
     30        109      17.96    15.8510      11.79
     30        110      17.92    16.3284      11.87
     30        111      18.05    16.2462      11.59
     30        112      17.89    16.0091      11.77
     30        113      17.94    15.9489      11.53
     30        114      17.86    16.1915      10.05
     30        115      17.20    16.2550      11.95
     30        116      17.80    16.2987      11.80
     30        117      17.78    15.6589       9.85
     30        118      18.00    15.9098      11.48
     30        119      17.96    16.5246      10.68
     30        120      17.61    15.6793      10.81
     30        121      17.89    16.0434      10.57
     30        122      18.22    16.5969      10.80
     30        123      17.67    15.8843      11.10
     30        124      17.82    16.6026      11.93
     30        125      17.54    15.9805      11.85
     30        126      17.54    16.1420      11.33
     30        127      17.69    15.9065      11.24
     30        128      17.80    16.5375      11.79
     30        129      17.48    16.5914      11.68
     30        130      17.91    16.4972      11.29
     30        131      17.75    16.2566      10.68
     30        132      17.91    16.0883      11.11
     30        133      18.21    16.2857      12.34
     30        134      17.86    15.9727      11.87
     30        135      17.51    16.0201      11.96
     30        136      17.68    16.1740      11.38
     30        137      17.68    15.9835      10.63
     30        138      17.92    16.4672      10.30
     30        139      17.73    16.4487      10.85
     30        140      17.08    15.6974      12.27
     30        141      17.61    15.8857      11.99
     30        142      17.60    16.2261      11.82
     30        143      17.75    16.5230      10.80
     30        144      17.57    16.0652      11.65
     30        145      17.81    16.2263      10.29
     30        146      17.59    16.3543      11.39
     30        147      18.08    16.3780      11.53
     30        148      17.78    16.3924      12.04
     30        149      17.84    16.5301      11.03
     30        150      17.90    15.9416      11.28
     30        151      17.77    15.7426      12.23
     30        152      18.18    16.2069      11.63
     30        153      17.97    15.2828      11.23
     30        154      17.44    15.8650      12.40
     30        155      17.67    15.9024      11.55
     30        156      17.88    15.9371      10.87
     30        157      17.94    15.9069      11.04
     30        158      17.53    16.2593      11.46
     30        159      17.63    16.2229      11.55
     30        160      17.84    16.4911      10.17
     30        161      17.94    16.3715      11.39
     30        162      17.64    16.5188      10.79
     30        163      17.90    16.2614      11.58
     30        164      17.52    16.1193      11.68
     30        165      17.63    16.3848      10.58
     30        166      17.62    16.5843      10.49
     30        167      17.89    16.2221      11.22
     30        168      18.24    16.0301      11.78
     30        169      17.65    16.1961      11.60
     30        170      17.83    15.8177      10.75
     30        171      17.80    16.2204      10.40
     30        172      17.68    15.6052      11.17
     30        173      18.13    16.4254      11.19
     30        174      17.31    16.0500      11.79
     30        175      17.96    16.0308      12.02
     30        176      17.62    16.0592      10.62
     30        177      17.74    16.2914      11.89
     30        178      17.41    16.2029      10.63
     30        179      17.51    16.4945      11.65
     30        180      17.95    16.1807      11.42
     30        181      18.00    16.3482      11.98
     30        182      18.04    15.9423      10.67
     30        183      17.71    16.1753      11.08
     30        184      17.96    16.0420      10.78
     30        185      18.13    16.2381      10.20
     30        186      17.90    16.1997      12.32
     30        187      17.71    15.9390      10.98
     30        188      17.44    16.3419      11.91
     30        189      17.97    16.0419      10.73
     30        190      18.10    15.6647      11.52
     30        191      17.93    15.0290      12.03
     30        192      17.55    15.7409      11.19
     30        193      17.84    15.9801      12.08
     30        194      17.91    15.8921      10.97
     30        195      17.55    15.1102      11.77
     30        196      18.12    16.3068      11.51
     30        197      18.01    15.9954      11.22
     30        198      17.39    16.0012      10.95
     30        199      17.43    16.0343      11.75
     30        200      17.41    16.2459      11.53
     30        201      17.98    15.9269      10.31
     30        202      17.72    16.0115      11.79
     30        203      17.99    15.9582      11.61
     30        204      18.17    15.8835      11.70
     30        205      17.53    16.1922      11.50
     30        206      17.80    16.2520      10.24
     30        207      17.85    15.9292      11.72
     30        208      17.82    16.0771      10.31
     30        209      17.95    16.0868      11.51
     30        210      18.25    16.1985      10.64
     30        211      17.34    16.2554      11.89
     30        212      17.83    15.9731      11.85
     30        213      17.76    16.1801      11.79
     30        214      18.47    16.4483      11.42
     30        215      18.19    15.8320      11.27
     30        216      17.78    15.8808      12.00
     30        217      17.53    16.2436      10.78
     30        218      18.02    15.7885      10.51
     30        219      17.91    16.1137      10.78
     30        220      18.00    16.1931      11.75
     30        221      18.02    15.9407      11.46
     30        222      17.59    16.0141      10.46
     30        223      17.90    16.1953      12.09
     30        224      17.78    16.3385      11.22
     30        225      17.61    16.0672      10.53
     30        226      17.48    15.5355      11.16
     30        227      17.72    16.1333      10.90
     30        228      17.75    16.1088      11.37
     30        229      17.27    16.2770      11.01
     30        230      17.62    15.8930      10.42
     30        231      17.68    15.0556      11.55
     30        232      18.04    16.1510      10.94
     30        233      17.43    16.2079      10.93
     30        234      17.49    16.0369      11.31
     30        235      17.67    16.1644      11.53
     30        236      18.15    15.5332      11.51
     30        237      17.75    15.9102      11.22
     30        238      17.84    16.1500      10.42
     30        239      18.29    16.4500      11.76
     30        240      18.04    16.0869      12.29
     30        241      18.10    16.1878      11.26
     30        242      17.98    15.7163      11.25
     30        243      17.79    15.5627      11.56
     30        244      17.78    16.1982      11.95
     30        245      17.93    16.3401      11.09
     30        246      17.74    16.2588      12.18
     30        247      17.75    15.9636      11.38
     30        248      17.67    16.1023      11.52
     30        249      17.77    16.1994      11.56
     30        250      17.28    15.4099      11.80
     30        251      17.89    16.2812      10.59
     30        252      17.81    16.2112      11.76
     30        253      18.03    16.1531      11.73
     30        254      17.96    15.6381      10.26
     30        255      17.57    15.2363      10.13
     30        256      17.88    16.3492      11.04
     30        257      18.24    16.2004      10.88
     30        258      17.82    15.8478      10.59
     30        259      17.42    16.2169      11.26
     30        260      17.75    16.3087      11.80
     30        261      17.56    15.8420      12.19
     30        262      17.97    16.1218      11.01
     30        263      17.36    16.3080      11.38
     30        264      17.66    16.2293      10.27
     30        265      18.21    16.0148      10.67
     30        266      17.67    16.5450      11.78
     30        267      17.79    16.2059      10.58
     30        268      17.93    16.3785      11.77
     30        269      17.81    16.0329      10.59
     30        270      17.07    16.1605      11.68
     30        271      17.86    16.6431      11.63
     30        272      17.76    16.1940      10.30
     30        273      17.86    15.7664      11.93
     30        274      17.42    15.8451      11.71
     30        275      17.87    16.2367      12.36
     30        276      17.74    16.2964      10.57
     30        277      17.57    16.1876      11.94
     30        278      17.96    16.0657      10.90
     30        279      17.75    15.9787      12.24
     30        280      17.90    15.7908      11.20
     30        281      18.00    15.7144      11.14
     30        282      17.95    16.2754      11.64
     30        283      17.53    15.8459      11.44
     30        284      17.64    16.4466      10.57
     30        285      17.45    16.0152      12.16
     30        286      17.47    16.3485      11.43
     30        287      17.85    16.3605      11.05
     30        288      17.79    15.9789      11.73
     30        289      17.63    16.2765      11.18
     30        290      17.82    16.3324      10.79
     30        291      17.60    16.0135      10.99
     30        292      18.00    16.1364      11.73
     30        293      17.75    15.9297      10.19
     30        294      17.85    16.2524      10.93
     30        295      17.66    16.2228      11.41
     30        296      17.53    16.2476      10.83
     30        297      18.13    15.8360      12.13
     30        298      18.06    15.8257      10.28
     30        299      17.20    15.8224      10.93
     30        300      18.09    16.0801      11.17
     30        301      17.18    15.8293      12.00
     30        302      17.33    16.3659      12.07
     30        303      17.80    15.9611      11.40
     30        304      17.47    16.0725      11.21
     30        305      17.88    15.9663      10.84
     30        306      18.13    16.2478      11.46
     30        307      17.39    15.6462      11.94
     30        308      18.29    16.0316      10.55
     30        309      17.32    15.6488      11.15
     30        310      18.21    15.6783      10.77
     30        311      17.58    16.3079      11.33
     30        312      17.94    16.3878      12.36
     30        313      17.71    16.2614      11.44
     30        314      17.46    15.9061      11.72
     30        315      17.71    15.9552      11.47
     30        316      17.80    15.6963      10.59
     30        317      17.86    15.9102      12.15
     30        318      17.87    16.0352      11.44
     30        319      17.58    16.2582      10.48
     30        320      17.48    15.6211      10.70
     30        321      18.07    15.8090      10.56
     30        322      17.87    16.1101      11.98
     30        323      17.64    16.5126      11.96
     30        324      18.15    16.3563      11.42
     30        325      17.30    16.0524      11.19
     30        326      17.70    16.0059      11.51
     30        327      18.26    16.5084      11.63
     30        328      17.87    15.8760      11.45
     30        329      17.28    16.2524      11.75
     30        330      18.05    15.7834      11.48
     30        331      17.28    15.9207      10.83
     30        332      17.85    16.2846      11.40
     30        333      17.84    16.1935       9.11
     30        334      17.64    15.5085      11.53
     30        335      18.05    16.1286      11.38
     30        336      18.21    16.2327      11.55
     30        337      17.43    16.4712      10.60
     30        338      17.39    15.9830      11.80
     30        339      17.69    15.9113      11.54
     30        340      17.81    16.3841      11.21
     30        341      17.87    15.9567      10.61
     30        342      17.77    16.0329      11.18
     30        343      17.82    16.2783      11.42
     30        344      17.72    16.1712      10.61
     30        345      17.34    15.8890      11.52
     30        346      17.93    16.0656      11.38
     30        347      17.57    16.0870      12.34
     30        348      17.90    16.3268      10.24
     30        349      17.66    16.0827      11.84
     30        350      17.76    16.2620      10.62
     30        351      18.08    16.3373      10.14
     30        352      17.88    16.2388      11.22
     30        353      17.65    16.3237      10.61
     30        354      18.28    16.1797      11.05
     30        355      18.17    16.3067      11.55
     30        356      17.81    15.9683      11.15
     30        357      17.37    16.2188      11.14
     30        358      17.89    16.7572      11.70
     30        359      17.89    16.0547      11.05
     30        360      17.67    15.4652      11.87
     30        361      17.47    15.5514      10.93
     30        362      17.91    16.1474      10.19
     30        363      17.51    16.3207      11.56
     30        364      17.82    16.2374      11.62
     30        365      17.76    15.6043      11.52
     30        366      17.57    15.9035      11.16
     30        367      17.82    16.1226      11.47
     30        368      17.58    15.7808      11.21
     30        369      17.54    16.2990      11.73
     30        370      17.65    15.9788      11.32
     30        371      17.39    16.1982      11.53
     30        372      17.62    15.2436      10.80
     30        373      17.73    16.2004      11.49
     30        374      18.00    16.1723      11.40
     30        375      17.84    15.8631      11.84
     30        376      18.10    15.9168      11.74
     30        377      17.99    15.7351      11.15
     30        378      18.00    15.8572      11.48
     30        379      17.72    16.0857      11.00
     30        380      17.76    15.9011      10.91
     30        381      17.92    16.5011      11.20
     30        382      17.77    16.1721      12.12
     30        383      17.88    16.1706      11.67
     30        384      17.67    15.8432       9.16
     30        385      17.64    15.5649      10.51
     30        386      17.88    15.6912      12.08
     30        387      17.49    16.3776      10.40
     30        388      18.00    15.9119      11.71
     30        389      17.80    16.3733      11.63
     30        390      17.89    15.4018      11.71
     30        391      17.95    16.4458      12.06
     30        392      17.42    16.0404      10.63
     30        393      17.65    16.6161      11.58
     30        394      17.78    15.8763      11.65
     30        395      17.87    15.9650      10.85
     30        396      18.02    16.2476      12.23
     30        397      18.00    15.7867      11.63
     30        398      17.94    16.1098      11.51
     30        399      18.07    16.4902      11.72
     30        400      18.04    16.2720      11.44
     30        401      17.73    16.4494      11.88
     30        402      17.78    16.0903      11.05
     30        403      17.74    16.1377      11.58
     30        404      17.83    15.4982      11.67
     30        405      17.81    15.7803       9.86
     30        406      18.04    15.9280      11.59
     30        407      17.59    15.7607      11.22
     30        408      17.49    15.9570      10.69
     30        409      17.86    16.4848      11.44
     30        410      17.95    15.9810      10.86
     30        411      17.90    15.9504      11.42
     30        412      18.01    16.3128      12.01
     30        413      18.22    15.8617      10.89
     30        414      17.62    15.8779      11.92
     30        415      17.85    15.7831      12.21
     30        416      17.87    16.3992      11.67
     30        417      17.93    16.2461      11.33
     30        418      17.77    16.1966      11.94
     30        419      17.68    16.5124      10.54
     30        420      18.11    15.9628      11.28
     30        421      17.79    15.9656      11.83
     30        422      18.09    15.9126      11.95
     30        423      17.87    15.8451      10.89
     30        424      17.26    15.5053      12.22
     30        425      18.08    15.5199      10.66
     30        426      17.61    16.2769      12.45
     30        427      17.81    16.1685      11.47
     30        428      18.18    16.2169      11.20
     30        429      17.65    16.2312      11.48
     30        430      17.97    15.5285      11.83
     30        431      17.30    15.8082      11.29
     30        432      17.77    16.2693      11.95
     30        433      17.62    15.8708      11.25
     30        434      17.78    16.0932      11.37
     30        435      17.85    16.4490       9.78
     30        436      17.47    16.1485      12.26
     30        437      17.75    15.8547      11.18
     30        438      18.03    16.0360      10.02
     30        439      17.84    16.5777      11.96
     30        440      17.64    16.2209      10.15
     30        441      18.08    16.0811      10.04
     30        442      17.54    16.4037      11.45
     30        443      17.70    16.1376      11.55
     30        444      17.69    16.1221      12.28
     30        445      17.61    15.8011      11.42
     30        446      17.56    16.4135      11.65
     30        447      18.05    16.3694      11.53
     30        448      17.98    16.2499      10.98
     30        449      17.71    16.0446      11.79
     30        450      18.00    16.4809      11.17
     30        451      18.30    15.5968      11.80
     30        452      17.62    16.4215      10.73
     30        453      17.69    16.1501      11.43
     30        454      17.81    16.5894      11.64
     30        455      17.68    16.0840      10.75
     30        456      17.71    15.9371      11.40
     30        457      17.95    15.7239      11.13
     30        458      17.72    15.9614      11.26
     30        459      17.71    16.5294      11.20
     30        460      17.73    16.4063      10.69
     30        461      17.36    15.8843      11.06
     30        462      17.75    16.3518      11.14
     30        463      17.86    16.4104       9.80
     30        464      18.27    15.8659      11.68
     30        465      17.50    15.6020      11.94
     30        466      18.05    16.0969      11.51
     30        467      17.94    16.5065      11.83
     30        468      17.89    16.3274      12.18
     30        469      17.92    16.0486      10.69
     30        470      17.87    16.1507      11.97
     30        471      17.72    16.2134      11.69
     30        472      17.48    15.8325      10.99
     30        473      18.04    15.4570      10.42
     30        474      17.38    15.9873      11.67
     30        475      18.05    15.9175      11.95
     30        476      17.85    15.7014      10.63
     30        477      17.58    15.5639      11.83
     30        478      17.47    16.3400       9.62
     30        479      17.98    15.6748      11.55
     30        480      17.71    16.1846      12.03
     30        481      18.12    15.5140      10.55
     30        482      17.44    16.4437      10.16
     30        483      17.70    15.9841      11.48
     30        484      17.68    16.0009      12.05
     30        485      17.98    16.4627      10.24
     30        486      17.73    15.9276      11.02
     30        487      17.65    16.2722      11.03
     30        488      17.84    16.6694      12.35
     30        489      17.56    15.7108      10.65
     30        490      17.71    15.9413      10.86
     30        491      17.87    16.2197      10.33
     30        492      17.78    16.1441      10.21
     30        493      16.71    15.7349      11.36
     30        494      17.77    16.3587      11.70
     30        495      17.75    16.0148      11.48
     30        496      17.80    15.5832      10.75
     30        497      18.10    16.1788      10.57
     30        498      17.71    15.6368      10.94
     30        499      18.09    16.2113      11.42
     30        500      17.81    15.5184      11.68
