63.253579 
115.746648 
52.099119 
52.334364 
52.091569 
84.302862 
84.008121 
49.419052 
74.907793 
52.543338 
73.392845 
52.398977 
62.784926 
63.062901 
41.907314 
63.757697 
53.249024 
41.953385 
83.851684 
52.451053 
63.274245 
63.124063 
73.397621 
42.423730 
62.788737 
93.934994 
73.706150 
63.551042 
63.199416 
94.167689 
62.623890 
52.440625 
94.168630 
42.187511 
41.793215 
42.395510 
136.244097 
52.894288 
83.889821 
68.430568 
63.113427 
73.323231 
52.737163 
59.244910 
52.878091 
52.514946 
73.628594 
52.441727 
83.874054 
73.502977 
53.033235 
63.369867 
63.635879 
63.207549 
73.438941 
52.490569 
50.436093 
62.861192 
73.559548 
52.750718 
94.923547 
63.156806 
63.491709 
73.436769 
52.879756 
63.423950 
63.015271 
52.452537 
52.837838 
62.814994 
52.509672 
63.051378 
63.611400 
53.005852 
52.633519 
52.553027 
52.433534 
73.911548 
52.685482 
63.606728 
52.415620 
42.651188 
73.631248 
62.812243 
95.236906 
53.398950 
73.518905 
59.516556 
52.996475 
73.877552 
63.866231 
52.951901 
62.699174 
73.681176 
84.220572 
52.861001 
63.140814 
52.834553 
53.079085 
52.518044 
84.304139 
52.466506 
73.633060 
73.630072 
73.509720 
52.243454 
39.919736 
73.908805 
55.528399 
66.909747 
123.527079 
98.723575 
53.319378 
66.290077 
43.565895 
76.881219 
65.657086 
82.664517 
77.253985 
88.034673 
55.366826 
50.848758 
70.978026 
84.610435 
63.926246 
77.488809 
68.901073 
68.900884 
81.306582 
56.694039 
81.225103 
84.124905 
81.443675 
70.122277 
41.389313 
78.390313 
85.368700 
54.615373 
53.145688 
77.186388 
40.186853 
59.995333 
63.923706 
77.946860 
56.181921 
56.758077 
66.441400 
67.248940 
57.592497 
67.760526 
65.469178 
44.431970 
56.587938 
77.309948 
64.119058 
53.909168 
65.465337 
55.014324 
53.398740 
43.172143 
71.632059 
88.253144 
85.502287 
128.412366 
83.591370 
83.013313 
81.648708 
91.955365 
66.525680 
119.603420 
80.869809 
52.949547 
66.702763 
69.426275 
78.972911 
66.220822 
105.383703 
67.318759 
79.703595 
71.491875 
67.907898 
100.094309 
100.021537 
66.944681 
100.031772 
58.707596 
101.644830 
71.041146 
71.829987 
66.451893 
87.028734 
171.167243 
86.289486 
85.848928 
71.578631 
71.828414 
85.348891 
115.479492 
57.462818 
85.827547 
72.952439 
100.105907 
71.875535 
56.790132 
68.232175 
71.992974 
71.103612 
57.743594 
128.006380 
99.505888 
100.183246 
85.701892 
71.509842 
113.815173 
72.453101 
71.237965 
56.784333 
71.698282 
81.156042 
86.274638 
99.653258 
85.582274 
99.635204 
82.003076 
56.796242 
84.491915 
84.930263 
85.727136 
157.406894 
56.459893 
100.435990 
70.832798 
100.199932 
71.672583 
54.409476 
86.737055 
71.159204 
100.466204 
86.372028 
86.079138 
85.414541 
108.073199 
101.312738 
85.904859 
95.939771 
68.052374 
86.626587 
66.549899 
81.921244 
71.300297 
85.157347 
101.160180 
99.094749 
57.197218 
71.277332 
85.869309 
71.496139 
113.817986 
63.342917 
66.688733 
104.933856 
58.587933 
63.085610 
63.720970 
84.220766 
73.502885 
52.557244 
52.747511 
94.816116 
63.218416 
62.990340 
104.892450 
73.691659 
73.856072 
42.301580 
59.618343 
63.097459 
52.573990 
73.646053 
73.453640 
42.860405 
63.019950 
94.579620 
54.338439 
51.323288 
73.887985 
52.539322 
52.735898 
49.651318 
126.663225 
58.520147 
52.801835 
52.964664 
69.469627 
41.945848 
59.913780 
52.741792 
42.033857 
53.268193 
52.544890 
73.509977 
73.940091 
79.588651 
50.008328 
73.850373 
63.891940 
84.192706 
39.935269 
73.686069 
52.947419 
52.615624 
63.034156 
63.573148 
52.477576 
74.110780 
49.398772 
63.368212 
73.756798 
53.222459 
52.528608 
63.024088 
68.110478 
49.698194 
63.721835 
73.633063 
63.808646 
106.030225 
84.491520 
73.429794 
52.799753 
73.398227 
59.320605 
52.449331 
105.052390 
73.745302 
63.478161 
84.067020 
50.633978 
84.177328 
63.565715 
49.703364 
52.812119 
52.369086 
49.811355 
42.073619 
62.944243 
52.503103 
63.497977 
49.611690 
63.389640 
84.172923 
63.286541 
63.126964 
63.362443 
63.085681 
63.124907 
63.126128 
83.810328 
63.309617 
52.722466 
53.017591 
62.919250 
63.295321 
53.144162 
29.979749 
62.970418 
84.375367 
63.210227 
84.156741 
52.603610 
74.146387 
84.755856 
59.633377 
52.811532 
84.232786 
65.486247 
53.467244 
40.445923 
53.607025 
53.385963 
49.172029 
65.819629 
54.447368 
53.372481 
64.587743 
64.256470 
63.882221 
63.996307 
60.057217 
53.585776 
64.040884 
64.459879 
100.411799 
85.243815 
57.180263 
98.666519 
86.607096 
83.816006 
88.660212 
107.741856 
67.097606 
106.722961 
93.508967 
54.230040 
78.814942 
66.363875 
87.201300 
65.636854 
63.165512 
81.075488 
62.021310 
86.931892 
85.626512 
71.737377 
141.067437 
98.591365 
71.348626 
69.844395 
128.091188 
84.988682 
84.423243 
85.529038 
70.884372 
69.862295 
71.093839 
94.139492 
106.182054 
68.107107 
69.690727 
83.473996 
84.817667 
84.192957 
84.502759 
70.907072 
65.664545 
84.377797 
85.176780 
85.196146 
83.913820 
84.566786 
66.304419 
72.064261 
70.641319 
69.600936 
72.494112 
66.759795 
84.651581 
53.205022 
83.919197 
70.130063 
56.689822 
113.298122 
70.620278 
112.039777 
84.987581 
84.941296 
83.836007 
69.989879 
84.965344 
71.183656 
56.188538 
98.552520 
112.022110 
84.692714 
66.700453 
97.997468 
153.548989 
84.829773 
70.245919 
70.055722 
84.587479 
70.873895 
69.967768 
98.796254 
113.184233 
83.940557 
80.312872 
66.520529 
67.563032 
83.962588 
83.930962 
71.238973 
56.313395 
98.380754 
111.719151 
167.969664 
79.636863 
140.527798 
55.861536 
100.974094 
98.845497 
84.756653 
98.325276 
56.278866 
99.548964 
69.950275 
84.436812 
53.237718 
84.594702 
97.995648 
