66.516905 
78.863947 
79.439525 
105.802113 
78.688090 
79.651266 
65.876243 
92.967689 
53.249362 
78.824276 
66.167233 
53.563721 
78.612426 
66.140938 
66.514496 
78.734774 
66.226916 
79.922204 
92.878026 
66.065686 
92.119295 
78.858139 
65.979054 
66.898383 
92.407848 
79.063690 
118.317457 
119.802835 
79.500505 
80.157637 
105.389961 
79.210084 
106.302457 
65.380985 
117.971530 
66.259275 
65.728080 
80.036870 
92.808625 
78.567352 
79.213294 
66.155843 
65.972496 
66.366482 
66.049480 
79.031804 
70.169257 
78.966485 
104.929988 
92.216784 
66.995160 
80.114589 
78.503720 
66.320978 
79.569198 
92.262374 
65.440747 
78.496584 
78.597867 
79.358205 
92.010797 
65.336481 
79.797926 
95.356160 
79.534840 
79.341480 
79.843967 
78.663762 
79.297805 
79.035213 
66.343790 
117.940160 
65.951818 
78.906686 
79.850631 
78.878214 
78.026299 
79.787111 
78.945314 
67.158800 
65.547930 
65.942198 
79.736560 
79.734811 
65.941545 
65.314910 
66.491500 
91.120309 
65.787152 
79.071814 
65.864589 
78.509085 
65.512161 
91.659945 
80.118234 
105.319297 
78.375329 
92.353954 
93.656769 
66.518477 
105.189468 
79.160498 
66.310623 
79.495809 
49.212061 
88.325986 
49.279627 
78.396198 
59.108054 
49.229378 
97.479889 
67.265596 
71.277204 
67.376251 
55.019541 
80.941035 
80.742132 
66.361024 
66.494754 
91.566743 
53.224391 
91.949716 
79.500527 
80.250408 
67.100671 
82.285791 
66.937926 
80.374085 
52.427245 
79.084452 
66.531281 
80.520972 
66.611885 
92.819782 
67.284028 
70.136935 
69.637299 
39.733606 
59.069456 
49.897789 
60.122382 
60.204496 
79.808059 
60.237412 
49.985646 
50.055853 
59.270345 
50.188095 
79.946272 
51.919108 
93.487545 
62.081869 
41.291693 
101.354325 
59.978590 
59.925380 
82.611865 
51.041483 
60.775279 
61.050360 
51.023215 
53.511631 
51.288889 
90.424780 
60.277871 
50.144202 
59.841412 
80.825309 
50.037672 
59.672688 
70.189137 
50.071624 
49.814398 
50.281921 
60.030552 
49.814652 
50.560196 
60.304396 
60.390449 
65.074979 
61.614933 
61.151669 
70.986850 
40.478466 
60.965087 
71.126745 
70.184705 
59.863972 
50.367392 
50.109645 
70.591436 
60.414069 
70.170844 
69.881510 
49.886356 
60.082719 
69.870575 
49.973040 
59.941786 
50.507609 
49.849074 
89.732980 
50.166719 
60.332537 
50.065266 
49.819541 
50.105645 
50.175599 
60.052843 
60.158120 
49.595966 
40.088730 
60.547926 
50.117553 
109.575574 
80.164092 
100.104243 
80.510223 
89.872222 
70.510997 
49.835801 
69.702723 
60.069334 
60.576128 
50.482385 
71.673429 
69.748220 
60.283938 
40.450447 
49.939963 
60.108778 
50.015470 
69.781078 
49.992234 
40.129201 
99.636439 
120.007722 
50.454551 
49.798228 
50.188961 
60.231215 
60.178799 
60.309377 
69.861676 
69.669615 
70.393987 
49.914008 
39.916179 
50.426928 
40.265120 
50.017959 
50.195615 
80.410331 
70.042754 
50.116161 
50.105851 
50.102831 
59.759547 
59.995724 
59.800727 
59.814300 
59.981243 
50.432910 
50.380026 
149.742454 
69.863410 
69.880510 
69.867117 
79.712395 
50.286403 
90.052954 
49.753801 
49.776908 
49.842068 
59.976967 
50.044759 
60.291710 
60.749219 
79.990069 
50.290584 
50.608781 
79.782317 
50.133372 
59.501275 
50.329339 
50.223197 
59.736823 
69.805578 
60.069328 
49.780849 
49.848038 
50.569679 
39.936489 
80.316260 
59.941522 
59.959357 
49.923449 
50.050956 
50.265913 
50.121843 
70.391395 
69.898903 
70.453186 
70.195000 
50.226944 
60.679122 
69.755394 
60.063159 
70.050468 
50.242992 
59.875382 
89.786653 
79.824116 
39.981280 
69.915072 
60.281239 
60.495675 
60.464909 
59.759136 
80.008293 
59.810132 
79.695208 
49.785396 
60.156637 
121.664893 
69.999154 
59.746323 
59.770831 
49.869930 
59.923467 
60.153010 
50.346775 
50.003346 
50.051303 
50.087094 
79.756662 
50.288789 
89.565505 
59.810259 
70.025019 
49.979491 
40.161344 
79.475981 
50.084578 
59.806147 
40.051587 
50.332823 
50.326564 
50.118822 
60.157281 
59.807815 
89.693703 
60.167561 
69.901515 
50.602378 
60.377058 
69.899571 
61.502079 
49.944641 
50.524291 
70.038539 
70.140895 
70.311633 
60.491860 
49.900952 
50.328514 
69.822309 
40.394893 
70.205318 
70.427427 
60.241926 
60.109938 
69.858644 
60.046388 
69.770427 
89.638619 
40.168577 
60.037738 
90.415295 
70.075397 
60.354374 
60.019203 
50.246307 
59.934559 
50.064337 
80.286218 
50.297709 
69.999284 
40.400892 
49.936757 
40.286072 
69.779829 
89.654428 
69.749097 
61.139195 
49.724228 
60.276908 
59.682952 
49.811010 
59.824889 
50.013537 
49.857533 
49.885457 
39.873210 
63.817862 
50.808717 
51.112185 
91.534659 
60.559541 
79.707678 
82.692058 
50.638765 
50.897829 
61.202234 
40.782501 
50.851440 
51.616876 
51.545366 
71.912025 
50.827144 
40.967609 
84.904839 
62.431572 
52.397377 
50.713722 
61.074919 
72.176828 
40.559100 
51.099681 
51.640912 
61.433585 
50.695665 
70.743597 
60.914228 
60.886856 
60.723551 
60.708923 
60.896737 
80.946265 
70.772671 
50.684235 
50.593683 
70.559172 
70.533680 
70.752998 
62.908712 
71.950401 
70.946038 
71.748809 
61.760142 
40.992704 
51.570447 
61.582350 
70.904366 
53.926847 
61.085425 
60.946299 
51.362677 
51.599843 
52.819006 
50.898107 
71.728731 
50.824802 
61.608755 
92.471853 
61.290697 
82.588010 
91.658636 
61.391525 
51.566261 
51.242715 
51.054223 
51.133407 
71.737753 
61.137204 
51.583815 
60.760895 
60.976824 
51.786578 
50.918102 
40.512281 
100.626747 
80.759335 
51.058922 
61.067491 
50.655586 
50.761421 
60.703116 
70.014540 
59.628499 
89.613207 
49.981232 
79.691345 
62.761123 
63.792338 
73.666516 
57.961305 
67.448836 
51.946556 
71.604666 
