88.698124 
61.635640 
92.736259 
63.428040 
82.795259 
58.983731 
101.024258 
82.634278 
59.118905 
94.656181 
101.249670 
59.802405 
50.331747 
58.962035 
71.654564 
82.539606 
59.729601 
59.858080 
59.131543 
82.378338 
72.201597 
200.666828 
83.639438 
70.839458 
62.996642 
59.033549 
88.245797 
82.520223 
82.509168 
70.746299 
94.258637 
59.057708 
70.777386 
88.115752 
59.029146 
50.583782 
71.007243 
75.444688 
70.675673 
62.965517 
79.860427 
70.796308 
70.638615 
59.244783 
71.862263 
59.976815 
88.131884 
59.926554 
58.987193 
103.768722 
82.484763 
80.067343 
59.344261 
105.122363 
71.821597 
70.565992 
70.841524 
82.650547 
93.871374 
60.134205 
100.501425 
59.018281 
60.717880 
71.714347 
94.139096 
59.168006 
59.071724 
59.995157 
82.636533 
70.846157 
82.421201 
48.353479 
59.944547 
63.462280 
117.797945 
101.624933 
75.685629 
71.750399 
9.176301 
59.984927 
59.932706 
71.805374 
83.535762 
60.675952 
59.023763 
59.769456 
59.789229 
63.054754 
76.742591 
74.141296 
70.758699 
83.848700 
135.822250 
70.639748 
127.626330 
58.957365 
59.897504 
70.795922 
70.919836 
75.535282 
83.756721 
60.078142 
63.110439 
70.816351 
133.121344 
189.228204 
83.695682 
48.086325 
58.991323 
108.825963 
75.505089 
59.855321 
70.668665 
88.853402 
59.038152 
70.890358 
82.830577 
125.631819 
83.449865 
70.863513 
94.849228 
118.855981 
82.535614 
71.680167 
94.864735 
59.087139 
72.072519 
71.721307 
70.865821 
70.660355 
83.653280 
59.727114 
71.802282 
70.647100 
100.727373 
82.655902 
63.019044 
70.926939 
35.477321 
92.289199 
113.357274 
87.993591 
82.563122 
70.729194 
155.587825 
94.343885 
70.902811 
58.923183 
70.724379 
82.658303 
82.680721 
59.032050 
75.373192 
60.123414 
151.896454 
75.373860 
112.990530 
59.772401 
71.887985 
59.978518 
75.611071 
60.313493 
59.132942 
70.683663 
58.978268 
70.695459 
62.225895 
70.732642 
70.838199 
47.393533 
71.201800 
59.358639 
88.428364 
47.228746 
59.018413 
100.648080 
70.853964 
63.024908 
70.727604 
70.947876 
75.383194 
83.611057 
58.997279 
71.484523 
59.814971 
83.831942 
35.437077 
100.687601 
83.845043 
48.015259 
83.301271 
59.869581 
59.812670 
107.274002 
71.969814 
59.127744 
138.838751 
58.846331 
82.587544 
58.953004 
59.894125 
59.987548 
58.971645 
59.040186 
83.495777 
71.701742 
63.649659 
75.836948 
71.365452 
88.230421 
71.536454 
71.603121 
70.776901 
47.281710 
59.081299 
58.917982 
82.694537 
71.775247 
54.740814 
88.117814 
70.895469 
54.695679 
47.417166 
100.034340 
75.448475 
83.088888 
59.833769 
82.822315 
47.321917 
59.171289 
94.550368 
58.940539 
128.322186 
63.227926 
72.118604 
61.290795 
59.327804 
74.333412 
146.654324 
106.848199 
97.259555 
120.161081 
100.427077 
60.298713 
60.583466 
86.436464 
60.936301 
85.266906 
61.377647 
114.244506 
49.009265 
76.788826 
60.486148 
75.898957 
76.320721 
59.577657 
95.822534 
60.267114 
72.381610 
72.403593 
60.043376 
48.641244 
48.592971 
60.637675 
72.023781 
73.900339 
63.866373 
71.403232 
97.046347 
71.260333 
60.486497 
83.997944 
47.826904 
59.690470 
49.038949 
71.240590 
61.149184 
89.106403 
60.645421 
72.220813 
89.084483 
89.223383 
59.508690 
88.994762 
71.610120 
76.522058 
73.275147 
72.221553 
83.887628 
49.408407 
88.653010 
60.295361 
101.359901 
71.240727 
95.862077 
88.815349 
60.619022 
72.180470 
60.143731 
60.410660 
77.144831 
63.540946 
132.092103 
134.902866 
88.883247 
72.390204 
101.835006 
73.814188 
71.375844 
72.395022 
61.170212 
96.269419 
84.360198 
63.391049 
59.452047 
71.362807 
174.387483 
48.895783 
60.667358 
60.347063 
80.340974 
71.460735 
89.252367 
75.925105 
97.390347 
63.827438 
72.162558 
59.490003 
63.606752 
61.024545 
59.859773 
72.976915 
71.507001 
47.966186 
95.783109 
84.293579 
60.371976 
83.126451 
59.638038 
83.791652 
48.537911 
84.255685 
72.385452 
59.634473 
71.399084 
48.429557 
72.372171 
71.218602 
76.479219 
59.574421 
71.971355 
59.392329 
59.883864 
89.114305 
84.379632 
36.185028 
60.231532 
88.685972 
89.183465 
72.184076 
72.206861 
83.680057 
60.450245 
106.275295 
101.856640 
88.924614 
89.266999 
80.401559 
203.038078 
101.480332 
95.514337 
35.648399 
84.533146 
67.764648 
83.372123 
71.127689 
47.534407 
84.146556 
83.198363 
72.046818 
72.533446 
72.004026 
71.401107 
140.561230 
84.679068 
61.389967 
60.428844 
76.396388 
59.772104 
63.543151 
156.151869 
60.690388 
84.523278 
84.639947 
76.004785 
89.169435 
88.347353 
84.256336 
83.300034 
97.556079 
71.169680 
63.759733 
83.697114 
63.562217 
59.556266 
60.341177 
59.342622 
83.179059 
72.588662 
68.184495 
71.715576 
72.288937 
127.082685 
101.983970 
60.646330 
67.808616 
84.112333 
60.654439 
89.799141 
71.814875 
71.425344 
71.516989 
127.433724 
60.114527 
71.486011 
83.993036 
63.329830 
71.480422 
63.449980 
107.860809 
49.673073 
63.781289 
83.273375 
60.247523 
59.602632 
97.780555 
109.972704 
59.901140 
71.637505 
72.391310 
61.640915 
75.987861 
88.633396 
59.391436 
84.348564 
89.317281 
60.578646 
59.434853 
71.436495 
64.058626 
59.848676 
71.580670 
85.836304 
48.671196 
95.514730 
83.902730 
107.926661 
71.430131 
72.004428 
63.770723 
71.781466 
71.603269 
72.287929 
88.716122 
63.352700 
71.634168 
59.347351 
71.280243 
72.251644 
48.642036 
83.411695 
60.368433 
63.727956 
108.216372 
48.125073 
60.450668 
63.645348 
72.256403 
71.411201 
63.428787 
76.289390 
60.646671 
48.166022 
62.548016 
72.819527 
83.662010 
72.201601 
131.299687 
76.088346 
83.643141 
89.021749 
64.335826 
95.129960 
60.141939 
114.236719 
49.832845 
77.107849 
64.759615 
74.265335 
91.616000 
