50.859721 
61.066158 
40.644115 
61.314196 
40.564167 
50.817078 
60.892295 
38.355257 
50.839663 
66.688447 
50.666633 
50.716227 
101.396201 
60.681780 
40.486914 
91.665714 
60.845425 
71.285192 
60.845908 
50.635660 
40.584883 
121.804673 
81.222276 
50.723670 
51.288522 
40.578887 
50.989646 
50.654443 
71.149248 
61.118415 
51.105763 
51.057729 
50.542973 
50.836422 
40.805521 
40.550519 
61.171125 
50.774842 
51.040197 
51.149196 
61.320603 
71.151635 
50.711510 
50.965561 
71.494012 
50.848637 
91.767801 
50.743893 
60.849900 
50.878277 
38.423034 
61.031459 
40.594867 
51.853790 
50.980436 
40.989851 
61.487577 
61.040720 
91.338871 
50.872836 
121.999254 
40.906811 
51.297930 
50.736944 
50.776869 
50.740262 
60.972001 
50.952822 
61.022945 
40.675136 
51.022487 
91.332317 
50.745665 
111.748170 
50.629388 
51.006596 
40.957404 
50.709202 
61.163590 
81.425870 
50.855027 
60.879167 
61.735205 
40.426347 
50.716925 
50.757055 
60.831703 
60.998173 
40.604121 
71.255910 
91.515507 
111.766312 
40.610929 
61.133450 
41.118763 
60.853209 
60.670410 
62.297589 
50.708036 
61.438462 
41.473128 
50.935083 
50.595323 
91.799600 
60.771653 
40.752118 
60.862389 
61.105499 
71.167176 
54.300783 
76.651468 
98.367399 
53.415980 
74.941113 
43.078367 
84.969229 
63.622209 
20.424060 
52.533262 
64.074115 
52.927075 
48.989096 
52.933521 
68.446459 
74.911643 
63.923002 
53.580361 
67.433627 
52.762901 
68.331124 
69.077908 
41.013417 
54.378570 
55.866971 
53.031509 
64.049276 
73.298750 
73.090056 
52.898213 
71.871987 
43.257351 
37.711683 
51.486697 
63.450316 
53.340908 
42.503386 
64.069707 
64.033560 
75.521677 
56.648529 
64.257244 
41.829767 
54.432355 
53.414660 
52.499863 
72.672357 
52.641165 
42.256618 
52.989547 
51.376055 
55.734045 
84.026124 
65.996664 
69.562052 
91.801466 
67.036831 
79.225686 
65.697151 
77.195238 
63.913612 
51.340883 
64.491330 
89.913224 
63.772146 
243.559279 
63.725936 
64.281679 
76.985951 
89.681567 
125.763697 
52.947073 
69.284053 
68.963072 
68.667079 
96.230758 
55.024338 
56.341131 
83.492299 
68.674735 
89.880293 
83.747887 
55.632108 
83.203157 
83.506860 
96.351272 
83.152259 
69.162032 
69.216220 
54.856143 
83.391753 
150.552056 
55.647249 
82.586957 
55.179891 
64.957352 
83.494695 
68.617564 
68.931020 
82.981144 
69.441345 
110.312264 
82.947421 
69.595955 
69.177950 
41.544989 
82.626353 
55.255640 
68.450628 
39.712196 
96.433140 
96.527957 
83.015585 
69.426581 
90.466515 
54.746646 
69.042487 
67.900590 
70.107659 
40.933767 
68.973849 
83.049607 
68.521566 
82.715763 
69.032078 
51.683793 
68.429391 
72.101946 
68.090284 
55.136704 
54.841086 
69.727477 
68.814152 
68.853985 
69.654370 
82.432429 
82.609738 
83.100163 
51.078407 
83.507966 
82.190806 
54.689037 
82.912509 
83.743795 
77.894926 
72.180199 
68.982387 
69.068269 
110.987629 
58.613463 
50.790266 
76.185190 
37.653450 
50.813324 
71.329779 
61.102716 
40.721551 
40.600158 
40.511279 
51.001578 
61.186532 
71.106948 
61.263734 
51.004551 
61.205131 
40.694864 
38.907711 
81.498284 
41.061021 
50.931110 
50.862434 
61.014090 
112.252960 
61.093319 
50.800670 
51.139768 
40.796249 
50.642761 
50.629124 
40.601565 
51.078427 
66.007445 
50.736855 
71.283067 
57.352261 
40.680850 
61.119183 
50.968072 
40.736420 
91.867981 
40.475693 
50.927778 
50.797317 
71.232217 
57.336597 
50.893670 
60.946335 
50.880533 
50.801267 
61.157333 
50.964999 
61.059538 
50.959865 
50.902448 
50.972268 
51.046937 
38.541076 
50.976979 
50.907894 
60.850533 
50.701419 
51.218268 
85.002647 
50.701548 
71.152785 
39.482698 
50.767742 
50.793081 
60.965156 
70.999872 
50.766651 
40.927477 
57.749919 
50.808134 
50.998116 
61.194469 
51.385655 
50.766922 
61.092969 
71.811651 
30.453686 
71.039552 
51.051497 
40.636125 
42.268090 
41.021352 
60.996780 
61.365736 
50.853987 
57.585783 
91.410561 
71.303442 
71.106147 
52.484533 
71.697055 
61.442536 
71.012141 
71.089408 
61.104934 
40.833013 
50.848549 
71.177753 
50.793113 
50.836556 
60.987598 
48.010290 
51.189331 
50.791556 
101.792396 
121.777606 
71.284639 
81.590400 
71.775685 
47.863971 
71.226817 
61.077458 
91.874373 
42.579074 
58.044334 
52.031894 
61.790466 
38.124560 
93.387703 
41.614749 
42.242116 
72.555997 
93.303489 
41.280182 
51.446177 
38.974650 
62.046966 
51.598278 
30.920802 
31.240290 
96.833009 
69.023817 
108.767032 
111.503524 
123.958835 
64.664743 
63.225785 
65.494790 
52.307143 
102.944716 
63.918765 
64.474297 
64.103423 
102.679994 
67.267216 
65.758347 
76.829234 
48.850733 
91.101138 
72.523743 
69.825787 
96.337679 
68.853178 
108.964829 
68.608706 
81.887518 
67.878328 
82.097278 
68.353561 
122.601622 
95.438778 
81.385760 
81.965158 
76.574037 
81.269528 
54.663977 
54.465505 
136.316401 
67.715038 
68.359341 
68.738053 
64.120062 
68.533766 
67.750740 
96.421362 
82.062155 
108.860530 
80.474954 
68.397038 
81.260905 
67.329966 
81.991877 
76.776787 
86.891186 
81.549875 
67.834174 
67.923857 
81.816500 
68.284439 
67.195486 
95.572694 
82.298561 
56.159513 
67.514807 
67.688330 
67.710379 
81.806686 
67.862799 
68.535819 
67.686448 
122.610989 
75.929243 
81.665614 
81.780882 
68.245057 
81.384768 
78.233880 
68.124339 
108.617422 
55.058329 
136.022409 
67.889377 
68.281744 
76.147426 
68.250389 
63.903616 
162.704630 
68.012351 
108.946074 
55.372305 
81.162042 
54.230164 
135.789097 
64.855544 
53.419013 
68.886040 
68.169710 
81.075533 
135.137476 
54.496054 
136.129514 
53.842697 
67.517121 
70.755777 
68.321984 
67.689020 
67.668601 
