209.821363 
283.210524 
112.117461 
112.146260 
280.350766 
223.482743 
598.923509 
112.091109 
112.006372 
392.433298 
317.662653 
168.071175 
93.968837 
130.527796 
111.919217 
428.923264 
130.574596 
112.163913 
133.027639 
242.153697 
167.826093 
502.759457 
263.472063 
279.646636 
150.089440 
167.755418 
281.355697 
206.346295 
372.326048 
111.861162 
204.851396 
130.616425 
186.407520 
278.964066 
186.514666 
74.615890 
130.747917 
149.736641 
149.069453 
169.537178 
205.896537 
186.779984 
168.102913 
130.958199 
167.910132 
130.850863 
261.063046 
335.566450 
130.952475 
114.848629 
93.160097 
94.324521 
93.183874 
281.005844 
149.372407 
205.222360 
186.868715 
260.743273 
111.961157 
130.588280 
93.161599 
130.921312 
131.485524 
224.360362 
130.435328 
112.139218 
130.483091 
111.971683 
223.985170 
167.228268 
335.428748 
94.762165 
149.773832 
132.366968 
524.579492 
227.033686 
317.292503 
112.238123 
188.025613 
149.565819 
205.568928 
205.797706 
410.652583 
149.319795 
205.156218 
130.459477 
167.652180 
112.627343 
260.622818 
168.266391 
130.920149 
206.003967 
12.013406 
130.892219 
180.522027 
223.572155 
111.913010 
111.971619 
131.646609 
186.653866 
112.231671 
205.403316 
149.588045 
149.564334 
93.164658 
112.149744 
112.391206 
93.608388 
93.472418 
188.013994 
168.020878 
186.470772 
149.540661 
207.292950 
130.451387 
169.189899 
243.284633 
261.106268 
605.119674 
149.327645 
224.367804 
131.345543 
130.770481 
149.587261 
411.743323 
93.850894 
187.188704 
130.837136 
168.099796 
167.825163 
186.908155 
148.766109 
130.862080 
430.526284 
186.892480 
224.547885 
187.046007 
112.107515 
168.157018 
243.564591 
527.426315 
223.193958 
130.938337 
186.827778 
112.947341 
149.558822 
205.588349 
205.186764 
298.836159 
429.794585 
280.027957 
186.854340 
224.667744 
186.631696 
317.872801 
204.921880 
560.613275 
130.128623 
187.307608 
112.021743 
547.591264 
112.097425 
95.292112 
93.024181 
261.182358 
242.371431 
168.219040 
149.663740 
168.407006 
130.646617 
168.539996 
131.405041 
168.125896 
112.073043 
149.699860 
130.892453 
168.157893 
131.740817 
149.299639 
112.066306 
94.161249 
149.471532 
93.249690 
167.854596 
150.098407 
225.143634 
224.379174 
465.952160 
711.591207 
112.121736 
186.945824 
111.715025 
168.056289 
242.339135 
186.927426 
130.789541 
280.536445 
149.413695 
298.615013 
168.503748 
168.268077 
149.946844 
149.440208 
112.153285 
729.089772 
112.031346 
151.271551 
224.000279 
188.133010 
169.159702 
111.770489 
410.466111 
224.317968 
112.003619 
112.075571 
93.249391 
112.107707 
93.463929 
131.645923 
467.970004 
261.548215 
94.508482 
93.541674 
74.803066 
150.107548 
167.900239 
149.679129 
280.190216 
112.262447 
112.071215 
205.525117 
112.085477 
752.154266 
135.930772 
171.513776 
133.779196 
168.993241 
112.971889 
51.679194 
620.038809 
131.846814 
131.237223 
113.634188 
93.885066 
131.241339 
97.967708 
116.825851 
118.051802 
174.438772 
212.872184 
132.976087 
155.864839 
227.075016 
226.830230 
189.091312 
188.273390 
285.055124 
112.306255 
150.462729 
262.954805 
113.414756 
131.717589 
151.040266 
131.503308 
150.111011 
112.704007 
132.790423 
112.878415 
94.489358 
150.889312 
131.969641 
283.158616 
131.921000 
112.903136 
132.793123 
131.913799 
150.694335 
142.960551 
169.796812 
112.803610 
112.565192 
131.957873 
131.953635 
207.682366 
188.756644 
169.522292 
112.851047 
338.810952 
189.765803 
189.522280 
549.105481 
131.838523 
93.961425 
338.153000 
340.473792 
282.317000 
131.966261 
244.648674 
112.479906 
150.757381 
150.291018 
113.001379 
150.937002 
113.740726 
150.320844 
113.055448 
189.198585 
151.031592 
131.936176 
225.417458 
150.782010 
509.599241 
170.029807 
245.566564 
132.104501 
188.518822 
87.679000 
131.992903 
113.009413 
94.143141 
206.658675 
150.456854 
169.288462 
263.573091 
189.666439 
189.250455 
112.698746 
150.417598 
170.825102 
113.436186 
150.797980 
171.703504 
113.103404 
94.084599 
113.660412 
339.498712 
150.274180 
169.234956 
93.959677 
94.091562 
132.062251 
113.000738 
132.276165 
169.830179 
131.913470 
113.195370 
338.547155 
282.583302 
113.535667 
132.004730 
113.505769 
94.706101 
132.060281 
169.582844 
132.041697 
131.690518 
131.920866 
207.160625 
153.148666 
132.227925 
169.338344 
340.510984 
150.839936 
94.631772 
170.329645 
206.537765 
113.804035 
132.970680 
113.917173 
207.297949 
94.794820 
189.386457 
119.428762 
283.788299 
131.752718 
131.790905 
112.922047 
112.628806 
263.847281 
112.941271 
151.171871 
150.193120 
169.464569 
113.591559 
112.796945 
94.241022 
113.105101 
168.726334 
132.572697 
131.986218 
225.298093 
169.242742 
339.981574 
301.930971 
188.786112 
152.338264 
563.322151 
339.317815 
150.808145 
321.698809 
188.381673 
132.108658 
192.036150 
188.509964 
154.874314 
131.959996 
131.956648 
169.566679 
113.511684 
114.000325 
169.492982 
318.716840 
151.740232 
491.537561 
150.507315 
94.998875 
94.188709 
168.881845 
189.512322 
188.315326 
170.219879 
376.458743 
151.943396 
151.244729 
132.302503 
169.575410 
282.981609 
169.655594 
133.210180 
546.676252 
132.231068 
114.134051 
131.478778 
150.989085 
113.206194 
264.583412 
170.259507 
131.959709 
113.644639 
131.999244 
112.932593 
189.109621 
112.816288 
169.482359 
225.750228 
284.586712 
150.491392 
113.789379 
187.830812 
132.684877 
207.562975 
169.644976 
225.041584 
112.817809 
112.698514 
151.825079 
169.053985 
131.580950 
150.149186 
151.614621 
151.040084 
263.379898 
244.682686 
320.180681 
113.781414 
150.747722 
131.521916 
131.614963 
169.911693 
113.605395 
263.084880 
113.748333 
132.359995 
413.376689 
113.270935 
131.846387 
151.372890 
245.376507 
131.844952 
132.308884 
264.560456 
263.514977 
113.435257 
131.927733 
94.304216 
169.388963 
188.490625 
501.841586 
144.307109 
228.063478 
189.382246 
113.230168 
450.192498 
113.287148 
132.085598 
138.805700 
228.173855 
156.172173 
138.265135 
214.184277 
