60.630469 
65.415325 
76.108470 
43.680049 
42.044047 
50.584160 
54.384399 
60.720990 
43.696679 
65.252557 
61.681089 
41.350870 
82.401953 
102.014179 
50.669842 
41.355766 
65.382131 
51.976304 
50.522586 
54.646949 
51.516622 
87.542754 
92.324638 
70.736967 
65.317279 
75.987886 
50.895739 
50.764011 
61.806285 
51.222292 
51.430012 
86.841523 
54.323120 
43.578459 
54.750102 
54.708770 
54.383496 
71.473367 
76.213280 
43.931496 
50.839033 
54.594752 
71.470360 
76.583979 
60.576506 
50.820020 
77.018539 
41.614918 
50.761693 
43.751338 
141.020933 
43.594818 
51.201699 
61.273515 
61.030032 
71.059004 
76.189481 
76.777202 
111.279597 
54.491355 
76.534380 
71.223581 
61.134053 
51.674283 
73.284977 
54.452884 
76.258644 
50.566100 
41.604319 
41.383343 
54.419911 
60.910126 
60.892680 
82.424596 
51.873420 
86.910269 
65.147642 
60.810403 
41.464370 
65.599832 
43.539786 
57.561810 
55.543466 
54.389645 
105.069852 
53.727237 
68.371880 
40.961385 
51.822839 
51.752069 
62.066535 
76.547568 
66.413330 
69.483090 
54.740078 
54.338686 
131.353836 
87.699848 
56.877725 
44.517576 
90.829056 
55.373881 
56.201856 
45.465865 
55.194905 
82.679313 
82.957868 
83.884087 
99.380644 
65.607267 
55.386041 
61.704574 
82.981039 
68.721754 
73.781102 
48.308553 
76.965379 
72.047510 
60.545282 
77.647747 
66.227005 
60.772215 
119.186129 
85.428604 
66.243054 
70.707788 
41.554642 
81.403609 
43.838498 
54.833531 
40.509769 
54.672273 
71.121089 
65.806342 
32.775395 
41.488414 
40.726305 
40.630676 
40.613621 
43.642688 
50.821998 
51.760260 
62.144787 
65.845374 
41.385245 
54.877778 
60.755446 
41.047295 
60.684681 
51.348728 
122.708356 
51.912864 
40.723548 
43.739674 
61.625124 
51.868100 
54.458582 
41.437845 
40.850552 
30.562043 
65.495338 
65.733385 
50.921402 
43.749617 
50.769906 
76.834164 
54.419270 
76.258468 
54.636102 
81.983520 
51.354343 
65.477568 
54.694987 
51.650947 
51.522677 
54.506472 
63.115259 
43.806809 
65.930300 
50.895480 
41.456311 
108.975834 
61.131617 
81.043182 
81.132970 
50.900053 
65.446850 
41.071980 
54.790754 
50.747976 
51.226885 
44.061290 
54.428885 
50.879010 
51.109009 
41.402361 
51.580690 
76.056013 
72.714729 
54.665045 
71.503851 
87.195858 
51.487558 
87.525028 
51.630710 
91.376418 
77.216837 
65.276436 
65.523326 
87.556384 
88.411708 
54.773921 
97.780032 
71.579280 
71.506370 
43.636120 
40.992491 
71.412403 
65.376706 
72.073989 
109.123475 
80.964321 
51.705994 
62.655535 
60.945069 
65.361418 
88.595152 
41.512062 
31.095133 
54.443044 
76.473145 
81.164548 
61.502113 
50.881707 
51.475755 
61.431814 
61.260116 
71.762244 
65.468611 
60.759781 
50.764886 
40.646289 
65.429003 
50.653354 
61.023052 
62.297866 
40.519378 
76.198414 
54.780207 
61.041253 
54.131717 
51.011823 
70.970855 
54.508686 
81.986024 
51.352945 
51.147935 
81.648602 
51.556615 
61.044382 
40.820338 
71.128400 
51.081776 
41.404232 
54.731693 
61.988894 
61.837944 
41.941130 
71.621753 
52.164364 
41.587645 
87.474608 
65.220499 
54.614459 
40.672348 
65.936334 
54.656506 
55.020699 
43.887198 
50.527140 
54.505559 
40.676503 
98.227519 
54.389191 
65.411219 
61.085243 
54.468736 
40.916178 
80.937634 
50.982978 
54.397219 
51.623597 
41.401903 
61.077907 
54.483147 
43.637625 
51.957846 
65.390788 
51.459584 
54.713276 
76.316909 
50.748842 
54.406325 
54.717263 
81.915326 
70.884949 
66.155262 
76.219502 
54.576184 
54.647693 
58.954630 
43.615998 
61.369880 
65.219855 
61.677343 
86.751071 
51.483424 
108.783997 
54.750419 
43.583204 
50.700270 
61.661971 
30.371012 
60.966747 
43.797169 
41.242634 
61.041855 
65.653546 
90.165241 
50.924158 
103.114114 
55.133142 
43.579321 
61.562488 
63.155701 
43.744591 
52.012074 
61.675753 
71.718759 
51.264144 
111.246473 
63.246909 
62.912222 
65.925478 
92.027447 
50.876288 
74.356226 
60.488127 
59.645814 
47.819356 
59.674864 
72.240458 
72.477272 
65.942672 
65.699851 
76.341896 
101.266608 
55.344872 
50.807173 
61.790761 
61.496951 
61.976002 
41.420898 
65.730839 
71.520835 
65.870480 
91.985725 
76.661926 
66.231089 
61.701853 
51.182677 
61.542255 
65.401012 
51.885073 
55.382401 
55.354499 
91.996653 
51.089696 
76.898274 
68.844410 
61.209874 
76.549348 
40.796870 
40.798689 
51.250766 
65.421155 
50.791926 
43.604215 
65.360750 
61.596350 
54.427334 
51.407550 
41.136545 
54.188216 
52.408298 
54.307711 
65.392105 
65.248129 
82.896321 
70.965574 
80.644456 
60.614839 
135.985883 
54.358359 
41.072772 
41.276783 
60.727407 
76.013648 
51.361252 
70.771085 
65.647989 
51.421329 
98.763990 
41.736810 
40.636623 
76.310921 
41.198172 
52.062837 
51.260410 
61.506460 
76.022162 
41.306600 
50.617797 
61.156862 
54.822336 
51.575291 
50.696840 
30.576799 
51.139997 
81.249977 
70.839849 
43.451831 
51.626651 
65.334656 
61.650149 
76.542509 
41.425577 
61.646271 
60.640121 
119.324988 
54.690953 
51.387653 
54.576401 
71.628212 
54.462077 
65.527635 
43.643264 
54.262138 
50.596831 
54.578191 
60.875674 
71.178374 
44.038210 
81.177709 
60.721922 
51.898716 
61.220193 
60.631574 
54.735247 
70.872546 
54.330862 
71.320939 
51.416661 
65.630101 
54.735581 
81.722128 
50.914916 
43.540901 
61.586518 
51.058127 
43.737379 
54.736950 
54.266031 
72.452507 
97.892087 
56.066991 
61.734832 
54.703211 
54.792720 
50.993224 
43.589992 
50.992211 
50.738469 
40.641071 
54.623799 
50.914998 
50.770729 
81.336010 
51.088520 
50.783400 
42.015176 
50.670451 
61.465098 
40.640510 
54.282916 
51.839629 
71.364739 
62.505636 
65.728334 
70.628950 
