83.292161 
57.333755 
65.783184 
116.779603 
69.969371 
69.332718 
94.719452 
68.069093 
59.880737 
43.578575 
43.575978 
43.683496 
69.992056 
58.098819 
97.659697 
43.928868 
60.047885 
108.754993 
54.292575 
92.984728 
43.561204 
69.601591 
66.071947 
69.397683 
64.933944 
57.586418 
43.611927 
87.142066 
76.031630 
97.607420 
54.442419 
57.281383 
43.379616 
54.538185 
76.013665 
109.207560 
65.202561 
54.167577 
66.499935 
66.016350 
44.339969 
54.218304 
130.128260 
116.059947 
54.682537 
44.307490 
81.871461 
54.317376 
86.929826 
57.635308 
44.367070 
46.432621 
43.445091 
65.139113 
43.509770 
54.912074 
54.424401 
65.280468 
65.102169 
54.439900 
65.348875 
81.205114 
43.451133 
65.177475 
66.510431 
69.539993 
54.529800 
54.711633 
43.562773 
43.660303 
43.811075 
54.610707 
43.875106 
65.262892 
58.196162 
54.207707 
55.296988 
65.033947 
76.425628 
66.145537 
58.032742 
54.975297 
65.154331 
65.523726 
65.006528 
65.754430 
64.900378 
54.276336 
43.705388 
65.476603 
54.243152 
65.527641 
43.494578 
43.526381 
76.116277 
46.470687 
58.171690 
65.319156 
69.361299 
55.323118 
58.337454 
76.375829 
43.320916 
43.568204 
65.119186 
54.321272 
54.217942 
54.542815 
66.063868 
119.579773 
54.271744 
43.630245 
54.915860 
97.855509 
130.424975 
65.144696 
57.807348 
54.486015 
55.505601 
69.450078 
65.990224 
54.611920 
81.479845 
43.628966 
77.125243 
65.676127 
54.959951 
86.802274 
54.120455 
43.645206 
54.342160 
76.467063 
43.819449 
65.110100 
66.609690 
54.368811 
76.957445 
54.615970 
54.522308 
57.887074 
81.288187 
54.822812 
54.576112 
98.130576 
65.193972 
65.434119 
43.532633 
54.178395 
119.287586 
65.185337 
58.096122 
54.334488 
58.531073 
57.937357 
67.089060 
55.466703 
65.511343 
97.676793 
65.339899 
54.239524 
43.772049 
76.254795 
65.297954 
54.408941 
65.543785 
54.471472 
76.237020 
43.346209 
64.942558 
70.044319 
65.157571 
92.842347 
54.457095 
99.177438 
65.354838 
65.681045 
65.096913 
65.225703 
108.892265 
54.403638 
54.438649 
65.452465 
54.472700 
43.462750 
65.328382 
43.511188 
66.507167 
64.943927 
119.836156 
58.198528 
69.990386 
58.085726 
54.219950 
87.451972 
58.266811 
43.339190 
54.511385 
55.858770 
66.220062 
65.446253 
44.347795 
87.418549 
54.248035 
54.466648 
75.972982 
76.259131 
98.991632 
65.217890 
43.312086 
43.410574 
43.353963 
54.535385 
65.565502 
54.126319 
55.052691 
66.635536 
54.712550 
70.011242 
43.433125 
54.507899 
65.284725 
66.053905 
54.532290 
54.178397 
54.938122 
92.791431 
43.504814 
87.072058 
66.028809 
58.104108 
69.858458 
54.466359 
75.991389 
66.328723 
44.426817 
58.350471 
55.470368 
54.706035 
65.138859 
87.067973 
54.549391 
69.819094 
58.173948 
54.559279 
65.328409 
54.476778 
75.999741 
65.087714 
76.090656 
81.645416 
65.170675 
54.159041 
54.555922 
58.074358 
58.022635 
54.358248 
54.415931 
81.134973 
108.368300 
65.565445 
81.508352 
65.021144 
141.624812 
86.901132 
54.812808 
75.773547 
54.190231 
88.035344 
97.703480 
98.957003 
43.418933 
65.313938 
58.195243 
58.122454 
43.724392 
32.461466 
54.231390 
54.673823 
65.105355 
69.895396 
69.985561 
43.484230 
81.425371 
98.136706 
55.546285 
76.177816 
54.627275 
44.317901 
76.086819 
54.273631 
114.534292 
58.640811 
69.515811 
55.698763 
81.624162 
68.393857 
46.489089 
83.597639 
86.073306 
58.787134 
83.245218 
81.599003 
56.080926 
67.882911 
88.428400 
54.870831 
72.727453 
45.538997 
83.586018 
60.011974 
78.723669 
69.845713 
56.719533 
60.141924 
79.348178 
78.349461 
67.092592 
102.526015 
92.495894 
48.609950 
59.967417 
56.416983 
68.687534 
58.504156 
79.365109 
55.326666 
55.991709 
88.515988 
90.405353 
58.326450 
74.301277 
69.050612 
132.606755 
88.396922 
59.136996 
124.144541 
81.367726 
83.918436 
87.281060 
65.927337 
68.271717 
78.818826 
56.659373 
83.018436 
87.291498 
48.009925 
67.708426 
54.892519 
66.191001 
54.810716 
58.597776 
54.768310 
65.266021 
65.232342 
43.682780 
54.463580 
75.879687 
65.078964 
54.435088 
46.762626 
58.016752 
54.542501 
75.780892 
65.280868 
69.573903 
69.486840 
54.579207 
104.336390 
54.141646 
87.001108 
55.034874 
127.963267 
54.194656 
76.028488 
66.729864 
43.988970 
46.289779 
44.197106 
54.367274 
65.846989 
54.485829 
65.332873 
54.799930 
93.123901 
116.162845 
58.023344 
76.932801 
88.948204 
54.261906 
69.929345 
54.282016 
66.073708 
75.825184 
55.571772 
44.460054 
54.680000 
58.093363 
65.230292 
76.152194 
43.505472 
54.307745 
55.095261 
76.781593 
57.862042 
67.225812 
43.792123 
58.001822 
66.649213 
65.060591 
54.597820 
54.937326 
65.299001 
54.758387 
58.167216 
58.354808 
108.780940 
54.416701 
87.380055 
54.321238 
75.759332 
65.966476 
44.230173 
57.942231 
69.943410 
58.216478 
65.611470 
76.367024 
54.297657 
66.226914 
58.178532 
92.964191 
54.315403 
104.371963 
65.254185 
32.891792 
97.757823 
69.629764 
54.476033 
97.966945 
32.572899 
43.385601 
65.308139 
54.333842 
43.443112 
70.225075 
76.835597 
65.315370 
66.611977 
54.204225 
43.583800 
58.150419 
54.572383 
97.636736 
75.968153 
86.865800 
55.169155 
69.438217 
103.132432 
65.097494 
86.951258 
46.707519 
54.476538 
54.393712 
54.666702 
58.317423 
43.420820 
54.235506 
54.543288 
65.200549 
108.625261 
65.401183 
92.814848 
93.075227 
56.090868 
44.237488 
58.336885 
58.054020 
87.279563 
92.439290 
54.288898 
69.713186 
64.991837 
55.298136 
44.231054 
65.567533 
76.893679 
65.139791 
43.371223 
81.627694 
66.158514 
54.394866 
44.578477 
92.511471 
87.085912 
54.400582 
69.713274 
54.356164 
70.066546 
54.429711 
69.901887 
