192.981868 
145.277803 
193.825360 
459.910310 
168.837680 
169.694767 
194.289295 
120.528726 
146.870971 
221.847171 
194.346576 
147.157445 
455.650339 
144.343991 
170.277186 
194.488872 
146.010073 
194.138552 
414.007474 
123.229590 
266.651607 
700.217978 
242.640285 
120.131759 
240.601985 
221.841401 
144.691792 
218.583075 
341.073282 
247.066275 
315.729706 
267.249798 
291.163692 
169.966154 
196.811799 
169.254587 
170.538297 
169.036614 
145.186587 
170.106860 
410.661138 
194.479018 
169.120317 
171.202777 
146.174570 
291.113624 
178.508025 
296.361755 
146.000947 
146.312866 
145.237110 
195.200289 
169.972344 
170.656780 
192.803728 
388.052326 
266.449376 
96.436124 
243.437629 
338.530608 
145.040978 
170.051235 
145.843153 
289.323723 
240.945398 
194.686809 
438.071205 
242.636088 
169.129415 
218.959345 
170.190191 
291.749946 
363.548033 
266.106973 
120.899761 
290.800754 
243.340775 
218.412040 
168.976183 
145.601057 
121.044374 
169.784908 
316.381254 
168.826636 
148.011470 
170.993313 
169.783292 
120.061522 
169.426212 
145.105101 
167.691370 
169.945470 
144.596103 
412.299681 
218.265362 
265.869452 
192.500182 
1051.545861 
194.126260 
195.366811 
267.527520 
169.733286 
144.367105 
469.377004 
146.222681 
84.532279 
84.849412 
237.177012 
237.834417 
422.917172 
87.541368 
223.999786 
149.631684 
273.893240 
122.386395 
294.214376 
148.109524 
170.293649 
144.174288 
241.379148 
145.577182 
241.625567 
266.548617 
194.474655 
247.769274 
296.800963 
312.711000 
197.522138 
120.555550 
337.758500 
144.581160 
217.044430 
242.338606 
192.286616 
170.078501 
207.211168 
206.231306 
120.631930 
153.188846 
190.074606 
157.747760 
156.266658 
173.527352 
104.116627 
121.244518 
104.678853 
187.265426 
255.657686 
209.672778 
144.026581 
144.171163 
485.055615 
89.385523 
215.478456 
103.458342 
173.489319 
92.630693 
105.854105 
246.271938 
105.276411 
87.799840 
125.714719 
124.195986 
157.427837 
137.888121 
121.823359 
103.784451 
190.384087 
103.913052 
242.453588 
173.588403 
103.991111 
120.912205 
87.483676 
121.632520 
139.246364 
86.613552 
138.622983 
104.231771 
122.323546 
165.852046 
105.089559 
105.066757 
106.340260 
88.000633 
297.674747 
246.569125 
397.871995 
120.795095 
103.818830 
588.177486 
174.209463 
190.326513 
104.059927 
277.249949 
190.321319 
155.379017 
121.296089 
207.340073 
138.664940 
121.133932 
260.100776 
190.622572 
138.364514 
156.940621 
191.325900 
138.489238 
138.343581 
121.504899 
190.140302 
103.577219 
86.727805 
156.216571 
103.849984 
121.570870 
242.534257 
190.957800 
138.632605 
347.528148 
69.119363 
121.041121 
86.586143 
156.407080 
121.526332 
138.716565 
207.786014 
105.690332 
138.430144 
121.965334 
103.891751 
121.095245 
121.609461 
364.804735 
103.664826 
121.609234 
155.986366 
138.186069 
86.188498 
86.180139 
103.752359 
173.444489 
139.831811 
173.602578 
155.532570 
379.697589 
155.996186 
120.877025 
156.316700 
139.236561 
103.634943 
86.439849 
121.541738 
156.952347 
262.025628 
121.305584 
138.117477 
121.051955 
275.913005 
138.688723 
241.142500 
138.199424 
536.745416 
104.498137 
104.252046 
466.946484 
207.008987 
155.709729 
121.373010 
225.068393 
173.522817 
103.813965 
155.959871 
138.668284 
103.794740 
139.139044 
190.421039 
103.770819 
172.703268 
224.412329 
155.860483 
88.268068 
87.184481 
120.477053 
86.412924 
103.998934 
103.703822 
207.411846 
190.124917 
120.905309 
121.008013 
86.764825 
155.661975 
138.730540 
432.987380 
103.446639 
139.149915 
121.019770 
121.629001 
120.965751 
138.826714 
156.172458 
104.312706 
364.102273 
294.113575 
155.816187 
329.655768 
86.390403 
103.391446 
120.791482 
156.200317 
310.742254 
122.778167 
484.837931 
86.462642 
86.425475 
103.908899 
120.969108 
189.812744 
86.341740 
208.011345 
121.099766 
190.542228 
138.119898 
190.121055 
224.540800 
103.643821 
172.794103 
120.638945 
103.817011 
276.387181 
156.402849 
104.121734 
104.016779 
103.959564 
104.200031 
173.595266 
121.576459 
138.668772 
433.175388 
209.845530 
121.280908 
103.806297 
103.310098 
155.701020 
207.540759 
86.661646 
121.247642 
86.144841 
121.503997 
278.242796 
190.799963 
276.312539 
190.392353 
414.465963 
157.018510 
86.588393 
156.132231 
120.914163 
103.479705 
104.192623 
155.521437 
553.093325 
103.472672 
224.860557 
104.047017 
120.475790 
86.516141 
104.151792 
173.438164 
138.810508 
120.761344 
138.067996 
121.186153 
173.206397 
259.317142 
120.869306 
103.646837 
103.484003 
120.471732 
158.600639 
279.083042 
172.871147 
191.480399 
103.772886 
121.157246 
190.423528 
103.568799 
554.782529 
157.378340 
103.895520 
103.789451 
241.711028 
86.520384 
172.611040 
121.020687 
121.155250 
587.743724 
207.534782 
207.181276 
87.267801 
121.071620 
103.823694 
120.706771 
154.893389 
104.612550 
122.641935 
123.423202 
87.563570 
209.462322 
296.753508 
251.552199 
105.113438 
140.700483 
140.991320 
87.555403 
139.976515 
94.359378 
142.921498 
106.762429 
128.132355 
140.545239 
269.403574 
301.981878 
126.586535 
87.687478 
143.059056 
504.712705 
122.688050 
105.249305 
140.802552 
105.429691 
104.774274 
122.195261 
139.514425 
191.786735 
157.328132 
315.785787 
160.131411 
579.615892 
158.523021 
87.204744 
125.348157 
192.467004 
122.218271 
421.183211 
156.480549 
106.578312 
87.135146 
531.367271 
108.234128 
126.128313 
181.463942 
160.890586 
163.353286 
123.697442 
464.674804 
105.763763 
110.018259 
109.221504 
143.212896 
105.327168 
300.391969 
89.612877 
336.103915 
123.552097 
106.107000 
195.986937 
177.524799 
212.923032 
89.811892 
106.423473 
158.430202 
140.632185 
123.515645 
90.331704 
145.838145 
139.683981 
175.327672 
157.385252 
122.896381 
157.843760 
441.906965 
87.618078 
139.798148 
228.458254 
122.935024 
104.984812 
105.048509 
191.005315 
258.706533 
190.448524 
172.650429 
466.019709 
106.490744 
126.815652 
387.175124 
110.472340 
128.914538 
93.081124 
110.480659 
