50.713645 
63.668814 
63.704632 
114.767003 
50.306051 
64.044496 
63.258028 
63.265629 
63.646691 
75.970025 
101.103709 
63.771138 
65.245926 
63.193868 
50.245955 
63.070875 
75.873479 
63.509090 
89.409774 
50.588740 
75.840346 
50.232001 
63.615916 
50.948335 
63.912532 
114.750259 
63.943528 
37.966370 
153.610188 
68.996575 
51.169511 
50.766541 
89.306121 
89.165070 
63.051516 
50.875851 
88.048886 
76.270688 
63.130454 
63.038126 
63.950445 
63.965808 
62.567978 
87.970691 
63.306921 
50.518924 
76.565273 
65.054158 
50.823987 
62.809617 
64.264211 
88.514493 
76.025589 
37.993879 
75.440885 
113.921319 
63.511211 
50.900711 
87.948786 
75.861693 
63.604994 
63.120559 
76.946137 
75.616817 
63.867624 
113.811558 
77.393281 
63.340621 
62.613455 
88.974925 
64.883055 
63.528402 
63.599382 
76.192729 
63.271118 
50.958349 
102.553911 
88.471435 
76.120637 
63.607398 
63.089010 
49.816671 
63.708551 
63.438945 
63.272747 
76.389026 
75.738827 
63.495151 
76.569735 
63.837276 
88.829888 
51.391303 
63.375971 
63.778902 
76.327090 
78.346082 
63.855723 
113.966187 
63.349711 
88.538360 
76.009154 
63.410967 
76.461147 
64.129602 
101.915671 
47.058429 
38.058407 
66.033868 
66.504535 
37.916692 
47.173240 
89.865416 
67.254033 
52.904709 
51.290099 
78.810604 
76.239377 
63.854827 
63.187849 
76.825829 
50.966917 
63.468158 
62.651580 
62.935523 
90.059715 
64.426105 
51.591404 
52.460953 
51.783933 
64.187696 
63.527273 
64.013570 
67.716313 
76.808633 
51.467902 
50.938440 
48.128655 
66.876957 
76.847452 
47.236933 
89.774071 
57.684386 
48.005124 
57.850157 
67.461126 
47.928578 
9.667942 
38.019837 
86.790228 
38.963270 
50.798386 
50.135740 
49.532801 
59.676658 
48.218414 
67.607943 
39.666915 
48.803295 
49.152996 
49.003197 
39.116996 
68.462764 
61.177421 
78.406525 
57.602170 
57.767732 
48.105387 
77.118208 
58.043947 
57.692545 
67.501438 
47.994086 
67.242088 
48.231330 
48.015080 
57.690004 
38.509042 
77.202518 
57.752090 
48.919568 
51.239953 
49.143010 
48.897780 
39.424530 
48.748570 
48.898306 
58.556548 
48.024673 
86.454033 
57.854183 
86.595409 
59.993126 
28.827336 
48.245986 
38.722642 
48.190131 
48.368191 
59.508123 
48.163322 
48.414611 
58.008727 
57.743996 
48.582017 
48.049294 
86.204971 
48.854208 
77.434725 
38.493780 
58.152345 
115.811634 
38.526217 
48.110503 
57.938204 
38.581387 
57.955101 
57.621963 
48.168441 
67.668984 
57.877140 
38.443992 
48.045631 
47.930022 
59.150550 
48.372282 
48.427684 
57.735242 
48.891882 
47.972339 
77.330558 
48.607676 
38.360569 
48.425116 
67.383482 
48.365029 
57.548227 
38.303967 
77.027043 
38.336187 
48.076358 
38.904022 
106.011038 
57.919268 
57.604358 
47.973879 
48.080677 
77.296150 
48.098160 
77.117597 
67.671155 
47.989752 
48.340828 
57.851746 
67.706610 
57.728667 
67.492499 
38.369724 
58.038915 
67.635979 
38.370467 
67.126089 
57.530496 
48.466307 
57.984789 
48.088834 
47.933356 
48.336429 
58.222700 
58.173406 
67.509028 
87.115996 
57.622521 
48.507600 
57.627818 
57.756828 
38.382171 
48.032446 
67.264506 
67.289137 
67.608666 
48.136419 
48.415189 
48.527649 
38.535505 
48.044577 
48.392806 
57.721771 
48.028414 
58.122045 
47.886749 
47.847390 
38.661299 
48.122743 
38.513435 
105.643262 
38.459192 
57.731604 
57.531624 
48.072374 
67.131406 
67.587549 
48.281558 
67.561420 
48.188168 
86.528552 
67.109819 
106.144609 
53.161693 
38.566787 
57.607808 
86.743803 
57.919297 
57.641529 
76.764323 
38.354360 
57.787589 
48.167672 
67.755589 
57.543478 
47.865453 
67.496319 
67.442799 
86.804530 
38.700378 
48.525796 
48.020577 
57.660195 
57.761234 
48.602132 
57.627008 
57.573127 
49.437255 
57.984644 
48.027361 
38.634422 
58.032942 
47.917360 
77.181330 
57.524492 
48.139253 
48.439204 
58.026660 
48.152720 
38.435406 
48.236722 
48.359051 
38.477217 
48.176278 
57.647057 
57.691629 
67.286653 
57.617449 
48.033787 
57.915016 
48.054176 
77.555718 
57.862369 
47.995480 
68.043262 
38.592346 
67.294862 
47.901433 
57.970642 
48.027418 
67.706355 
57.995402 
48.288813 
38.372551 
57.749377 
48.252830 
58.106901 
77.238799 
48.433651 
48.000432 
106.066460 
67.218181 
48.089515 
57.703780 
48.410760 
57.615371 
86.908591 
77.270768 
47.976889 
48.303190 
48.122644 
38.620471 
48.416341 
57.898512 
48.379823 
125.681218 
57.804584 
38.257442 
48.382378 
48.300324 
47.910993 
48.548790 
48.186649 
47.950640 
57.410744 
38.313459 
48.005501 
67.152477 
47.864961 
48.272546 
48.333614 
48.293851 
68.630605 
68.321816 
39.157861 
39.117587 
58.437101 
96.411195 
58.660972 
48.858571 
78.296167 
39.920170 
58.770446 
39.090622 
49.383661 
49.499612 
71.127732 
80.036167 
53.484328 
40.983756 
49.505199 
38.939526 
88.176106 
58.536530 
39.354801 
48.586309 
58.641476 
48.685035 
48.446478 
68.945219 
58.326894 
49.452382 
48.690942 
48.750494 
49.557221 
58.362717 
68.144377 
38.825175 
68.849595 
58.752145 
58.514780 
58.424736 
58.115485 
59.241090 
48.614922 
50.154578 
71.721102 
39.882297 
120.196586 
50.339046 
70.537484 
38.889341 
49.394477 
49.926097 
49.636308 
61.438905 
69.654929 
59.232177 
97.715850 
49.201265 
58.894672 
69.089668 
58.997987 
49.059592 
51.508874 
48.584447 
49.479390 
49.603559 
49.035242 
48.950238 
58.928242 
51.772728 
89.032608 
58.597012 
48.673632 
58.375286 
68.442345 
38.950785 
77.766863 
49.152295 
38.848785 
68.182704 
58.737256 
48.700401 
58.468857 
58.315509 
48.278098 
57.306709 
47.798726 
38.787668 
57.915020 
73.149798 
73.496747 
49.997824 
60.045302 
52.637077 
60.681359 
