52.163131 
67.510137 
78.669433 
100.542563 
53.033072 
52.604830 
67.062764 
62.846439 
67.519345 
78.970164 
52.934576 
89.214304 
83.419738 
63.413352 
41.718580 
42.481560 
100.931643 
52.981195 
63.480914 
53.764875 
65.246140 
78.404402 
100.571752 
73.026882 
56.116099 
78.996076 
41.796512 
73.597744 
52.930977 
55.588910 
95.538689 
89.828228 
55.830591 
67.169174 
67.145252 
55.891910 
78.738794 
63.358157 
55.840248 
55.826677 
62.595394 
102.104011 
85.257970 
67.399918 
73.789513 
52.320300 
53.656117 
78.039723 
76.446774 
55.874707 
78.228470 
55.849437 
53.319255 
52.792682 
62.488556 
85.106192 
78.434578 
55.932168 
75.671180 
67.220617 
78.766174 
73.543994 
63.655010 
63.737103 
63.413767 
56.020340 
103.173666 
52.264494 
78.372755 
53.612215 
89.619229 
63.030991 
94.225550 
63.719238 
53.959689 
67.126550 
89.427757 
53.225824 
66.930448 
78.441480 
68.795078 
90.340247 
57.347878 
64.811419 
43.115128 
64.728744 
136.375849 
63.636526 
67.097077 
63.406233 
55.871303 
84.422857 
91.903847 
67.662670 
67.931970 
81.311120 
101.826726 
67.818150 
46.471770 
57.607098 
68.004493 
68.618781 
110.060277 
56.436868 
65.957692 
79.594758 
116.303146 
56.583844 
68.084731 
68.436186 
79.180812 
53.560119 
66.085929 
78.891987 
63.093602 
74.509915 
80.388509 
87.677173 
112.263430 
112.195630 
93.787334 
75.401778 
94.343085 
75.990067 
65.117605 
53.216792 
56.280029 
95.053288 
56.235561 
78.791737 
52.216149 
78.366739 
62.585780 
89.979285 
101.038543 
53.142095 
42.052211 
52.951883 
52.462360 
42.715089 
62.633710 
63.822742 
89.844274 
53.280546 
89.731448 
53.134986 
52.374975 
52.555443 
63.388945 
63.504779 
74.577323 
42.691350 
63.513520 
89.798991 
75.316350 
44.816862 
56.056354 
42.764448 
52.316723 
75.545819 
56.206792 
56.184933 
94.946474 
56.119485 
53.259764 
56.457645 
67.149255 
65.871848 
78.141201 
63.566456 
53.212995 
56.185565 
67.292504 
52.879995 
73.883741 
67.102216 
78.490014 
44.847168 
53.445224 
63.585780 
52.220969 
67.444842 
73.527897 
52.666324 
42.944839 
73.886333 
56.489846 
52.205390 
56.180839 
62.598574 
62.719889 
56.111736 
44.892175 
74.189284 
65.211073 
42.464186 
64.922234 
67.182695 
76.120552 
56.455894 
74.018358 
67.306436 
64.357510 
89.796804 
53.013424 
63.073344 
67.331176 
67.207485 
67.418085 
67.392399 
89.564243 
56.252426 
111.935519 
63.045364 
83.797428 
78.322037 
67.025387 
95.233757 
56.127195 
63.422924 
168.385651 
75.697694 
53.070695 
63.322519 
62.515247 
78.421768 
78.469847 
64.452478 
83.925839 
67.172594 
88.923500 
63.698077 
53.112203 
62.644962 
84.546056 
63.383947 
62.607102 
63.467309 
111.921466 
62.894598 
84.524679 
52.341936 
67.398403 
62.703532 
62.831771 
55.912517 
62.610859 
89.868568 
78.935826 
62.781300 
53.182495 
73.414253 
52.342160 
90.547124 
64.756423 
63.645286 
52.521228 
74.438271 
53.280918 
53.003353 
62.488394 
73.093470 
52.557687 
53.056334 
56.314407 
53.098444 
63.385702 
44.167204 
53.169549 
78.421233 
63.448220 
64.436410 
89.764497 
78.531490 
52.940394 
111.877196 
89.683063 
78.412526 
56.031018 
41.934087 
56.261389 
73.267639 
63.636721 
56.257477 
56.368678 
63.591401 
78.641364 
105.050378 
64.185190 
93.857217 
56.001754 
42.500542 
52.872650 
63.648911 
89.793239 
56.353360 
77.515139 
112.230513 
54.217427 
75.646309 
45.032288 
73.153755 
78.572224 
55.926214 
64.229626 
52.196171 
56.572821 
78.727401 
56.165496 
68.437613 
55.734391 
67.239014 
89.395423 
56.336464 
64.972648 
56.398435 
52.482207 
67.402732 
56.135421 
67.351104 
53.055622 
73.757978 
64.131084 
53.651059 
78.329407 
67.336374 
73.379936 
56.380313 
112.570487 
62.768540 
63.441766 
67.170507 
56.236805 
73.885526 
64.329091 
90.540760 
54.143918 
52.940884 
97.587649 
63.922743 
91.982230 
76.332948 
89.601110 
63.963931 
53.108174 
64.884834 
82.580646 
85.513185 
76.961371 
73.334374 
62.196259 
70.156903 
87.819103 
113.047769 
78.611202 
55.049640 
78.394679 
53.770843 
53.698214 
53.529564 
53.439501 
65.538838 
77.286900 
67.314593 
74.116793 
68.101554 
62.799807 
53.373978 
56.384102 
63.321467 
53.835714 
62.905528 
67.910083 
74.828491 
66.625256 
67.451289 
84.175010 
53.206257 
104.755568 
54.415827 
83.890381 
55.857528 
52.962892 
62.751559 
52.697948 
55.839736 
84.547685 
53.086628 
78.280017 
53.218257 
56.067316 
95.334776 
52.142582 
89.894073 
111.925905 
67.162435 
112.298887 
56.013627 
74.459450 
73.292952 
63.029664 
62.800214 
78.061339 
67.618378 
53.279742 
52.437512 
62.916353 
56.258761 
65.213647 
53.248159 
90.286663 
63.296004 
55.979136 
52.922648 
52.162098 
66.976954 
53.628468 
42.729197 
42.361553 
66.909035 
67.413335 
53.345680 
62.416859 
62.363593 
42.599848 
53.314283 
52.902191 
63.430108 
42.499126 
62.636384 
63.344687 
78.533545 
53.286085 
67.792124 
62.738775 
67.003164 
86.150234 
73.589580 
63.293672 
124.677078 
78.350971 
73.743192 
78.504590 
53.409249 
67.443178 
56.362187 
55.852919 
53.066607 
63.254516 
53.746927 
62.805416 
73.254796 
67.667160 
63.531810 
84.155524 
73.734809 
53.213730 
83.554789 
56.025987 
52.820065 
123.322254 
74.023509 
52.803086 
111.817243 
78.690163 
63.765210 
73.728483 
55.992887 
84.480763 
52.425974 
78.667605 
56.008191 
66.987419 
55.734959 
56.164326 
78.085744 
89.329967 
89.334587 
78.816972 
52.409823 
67.146913 
83.642905 
64.147951 
83.366534 
43.185821 
53.090513 
64.100454 
84.055374 
95.013749 
65.243522 
64.210651 
62.697524 
75.418485 
74.747697 
89.613535 
67.368476 
52.260539 
85.670682 
67.197001 
63.210654 
