85.123936 
65.146530 
49.421478 
49.058683 
46.021432 
68.978408 
135.372100 
68.779243 
57.272770 
91.790645 
61.241894 
59.637878 
48.882305 
80.061366 
69.612795 
91.556029 
137.746002 
73.255409 
57.490279 
125.828786 
82.668508 
73.365087 
58.804783 
34.495716 
99.192172 
57.513312 
73.866066 
57.380837 
68.539916 
57.357983 
57.243758 
92.032112 
45.917722 
73.334081 
45.848668 
48.927062 
57.502114 
97.561625 
57.217212 
109.835448 
61.160425 
57.463292 
126.412107 
69.238500 
58.279840 
69.981970 
73.270455 
58.120522 
57.307572 
58.141555 
45.920584 
48.850591 
45.785811 
73.591246 
85.448872 
57.341895 
68.657270 
45.784477 
45.911758 
57.946360 
61.086052 
57.344805 
48.856126 
60.999489 
45.904762 
80.273270 
80.243922 
61.201736 
80.305920 
57.323952 
68.896501 
62.252238 
57.931367 
61.140300 
97.822177 
61.179335 
48.930517 
69.463615 
65.082433 
73.370128 
61.181535 
81.115155 
58.141996 
85.144664 
114.264578 
80.955419 
57.134392 
61.000870 
48.799072 
48.727048 
68.800467 
85.833821 
65.044075 
57.159294 
116.783574 
57.161798 
60.919452 
79.867847 
57.188882 
46.668118 
58.093345 
48.806502 
61.090059 
92.100118 
61.015946 
97.647722 
45.996912 
72.336050 
57.435974 
61.014036 
109.800090 
61.018933 
57.226099 
61.054913 
57.457337 
80.668216 
80.724848 
73.049284 
58.746626 
68.649692 
68.613981 
58.807970 
45.786942 
57.165113 
68.849435 
57.443881 
61.198739 
61.121220 
68.808392 
57.352790 
48.955872 
69.351350 
61.032100 
68.651931 
73.261562 
68.688683 
61.312652 
57.386882 
57.235479 
73.586531 
73.433880 
61.152104 
57.514662 
91.500107 
73.428215 
57.250967 
68.845480 
45.856562 
57.281182 
68.693643 
57.167498 
57.410494 
73.156309 
45.747805 
85.607422 
73.324793 
48.769457 
61.250704 
110.211110 
46.644859 
61.660574 
73.329522 
45.722151 
57.308211 
80.204905 
57.278473 
69.810052 
57.354862 
68.917546 
45.956971 
57.434577 
57.450271 
60.988886 
45.976759 
69.000827 
61.159675 
103.104842 
85.399030 
45.656207 
57.301457 
61.095559 
73.324129 
57.074703 
58.730643 
92.589595 
48.878768 
103.024977 
60.945381 
60.969909 
46.524959 
80.302617 
57.907068 
46.686899 
59.519668 
61.208016 
68.541376 
73.499259 
45.797735 
57.127971 
103.072565 
97.520401 
85.628457 
45.943502 
57.400454 
85.515324 
97.558261 
48.706828 
48.873753 
57.859488 
85.456497 
80.025519 
73.823065 
57.408406 
57.255727 
57.370779 
57.362881 
68.773069 
46.803004 
73.439874 
36.537527 
57.206038 
61.251216 
57.356761 
48.889233 
97.562958 
80.853519 
80.190390 
57.064502 
68.931141 
57.261189 
46.026317 
57.418757 
97.661612 
87.283502 
59.617105 
58.848389 
58.837275 
61.194799 
61.671903 
58.147852 
61.316448 
68.925137 
61.354372 
58.258069 
71.712412 
57.822771 
59.776660 
60.847435 
47.895646 
113.283348 
81.491053 
104.680531 
49.112801 
50.660769 
74.136529 
58.153172 
70.111953 
46.542785 
59.481735 
70.232606 
58.832788 
48.728667 
98.525590 
61.521464 
86.270232 
73.760369 
61.314632 
57.412942 
49.459322 
69.513147 
81.525272 
69.375041 
46.109039 
69.372175 
74.225832 
69.101769 
61.426492 
74.156894 
61.474367 
46.766030 
73.775742 
61.518331 
57.530872 
61.412773 
81.023496 
49.446972 
61.213330 
127.035239 
123.169874 
46.995965 
51.712249 
46.938120 
61.609008 
104.388093 
60.969041 
49.312161 
86.543624 
147.984330 
58.287700 
74.182454 
61.573447 
73.947884 
58.758370 
61.368723 
73.953834 
49.569204 
73.956095 
135.360918 
69.433986 
74.028671 
73.796216 
58.393045 
81.098620 
61.321326 
57.622593 
69.513662 
36.857709 
73.997741 
58.637121 
46.769931 
49.096867 
69.077647 
49.078345 
123.159604 
61.663885 
111.337776 
70.613586 
57.854057 
74.178675 
74.284919 
92.721683 
58.392754 
69.442214 
57.834456 
58.026950 
61.973937 
70.274481 
81.142359 
46.387112 
58.102873 
49.142635 
59.211241 
57.834856 
115.440273 
81.438738 
57.801640 
86.282093 
69.311356 
61.824586 
69.502175 
57.796928 
57.946528 
80.849414 
86.699905 
74.489619 
45.968863 
49.468682 
61.441145 
61.419907 
58.637142 
49.491354 
57.940014 
86.904500 
62.434170 
87.939423 
61.707883 
61.968820 
61.606784 
61.511971 
111.351153 
57.695944 
82.014814 
58.504129 
49.505319 
57.816274 
57.745756 
69.382388 
58.685961 
57.654276 
61.531170 
58.485481 
73.642223 
46.220855 
74.238463 
81.359626 
49.027259 
47.283713 
82.930138 
34.642216 
61.686446 
58.410140 
61.426389 
98.731950 
57.932397 
110.661055 
73.978647 
258.791000 
73.790785 
57.671009 
74.368861 
57.696179 
73.801081 
92.321155 
62.038097 
59.256282 
61.521547 
57.983373 
69.580271 
58.597014 
61.814785 
57.774162 
70.180779 
86.244914 
73.928310 
70.342682 
49.343170 
61.407079 
73.643923 
98.907028 
81.735516 
91.994247 
138.914001 
111.109289 
69.424722 
57.515214 
46.495366 
61.715279 
80.881634 
86.520669 
58.674711 
61.891598 
74.255242 
57.688251 
85.897064 
57.688262 
74.146644 
50.835181 
69.286204 
57.618960 
80.631770 
61.554363 
61.369357 
61.407606 
81.514178 
46.954760 
98.859965 
58.320406 
71.034787 
69.715953 
86.706157 
116.080367 
69.465999 
73.981087 
46.932038 
69.344631 
62.043098 
85.791241 
57.826552 
58.193407 
86.132185 
69.327462 
69.117167 
80.858583 
98.731975 
61.510846 
46.468353 
57.594956 
57.876069 
36.914471 
46.781822 
57.486072 
86.218204 
61.557718 
117.304461 
69.649116 
58.312261 
61.428451 
74.101587 
92.339445 
61.625359 
62.430762 
46.014608 
58.737251 
73.686800 
47.084351 
57.691016 
57.960361 
61.836536 
99.138826 
58.983102 
86.078505 
57.937802 
63.459042 
58.474306 
87.058766 
63.890476 
74.123114 
69.664841 
89.710408 
63.122233 
