73.748991 
57.633484 
56.120006 
75.003862 
58.559432 
58.384979 
74.326342 
83.577067 
89.605010 
78.772757 
57.302557 
44.858839 
101.521033 
61.105504 
91.058440 
58.086107 
69.165812 
56.403309 
66.837280 
108.307845 
55.876060 
56.844498 
67.859218 
71.701327 
93.288771 
79.619681 
67.598864 
66.782967 
55.996012 
67.657851 
89.222730 
79.463393 
56.337441 
89.549103 
78.057085 
67.161891 
66.829209 
55.831480 
67.752539 
67.969500 
101.864317 
89.347795 
67.033498 
56.934947 
55.852258 
45.354820 
60.563185 
68.243799 
56.469176 
90.397323 
66.746770 
95.627582 
66.834651 
112.384631 
45.509604 
90.060079 
89.600742 
67.389275 
67.188026 
78.111055 
67.326505 
56.814396 
44.665937 
79.851315 
56.226781 
56.632928 
78.625666 
56.167835 
45.684392 
56.259112 
67.196015 
55.820532 
55.848917 
66.977532 
95.533585 
68.362484 
56.498899 
55.873217 
111.320197 
56.037004 
67.730029 
78.999351 
66.770596 
56.094061 
55.985961 
67.750101 
67.444578 
56.026790 
77.915458 
78.574663 
78.015934 
55.895083 
56.263137 
55.807197 
56.086179 
58.101711 
68.031964 
67.406052 
68.118899 
56.577905 
71.796591 
33.556754 
78.051441 
55.590192 
56.368612 
55.923383 
66.873213 
66.842272 
57.292516 
67.804935 
56.235744 
67.539350 
56.614884 
67.217591 
55.860339 
67.276637 
84.155456 
67.222929 
55.911989 
35.841364 
78.383633 
55.965492 
79.217202 
44.604453 
89.898687 
67.157852 
56.693936 
78.163963 
66.879316 
56.072588 
55.796225 
56.574435 
78.195020 
67.195707 
56.845750 
55.845208 
67.467309 
66.920442 
67.157904 
59.518555 
57.233722 
67.003415 
55.876505 
56.921909 
56.414506 
67.034480 
56.198481 
100.044833 
56.139763 
66.982284 
68.469807 
56.052591 
96.384436 
83.248842 
101.003958 
79.209652 
56.851861 
55.872153 
78.352437 
78.106402 
67.366846 
66.919389 
55.926755 
89.434425 
66.723401 
67.048422 
67.321029 
56.329170 
55.769932 
67.963689 
78.151967 
59.680825 
78.242739 
68.332190 
67.245731 
55.803681 
78.434601 
78.035738 
66.903442 
67.344046 
44.749773 
56.422592 
100.276744 
67.233308 
67.023269 
56.138318 
56.818057 
55.893734 
78.228042 
83.760240 
60.184100 
83.826435 
55.837648 
68.267019 
71.908625 
90.078390 
56.528706 
67.935900 
79.294456 
77.815828 
45.505304 
67.215641 
67.041489 
56.826462 
55.833008 
67.463463 
56.788789 
78.175360 
67.847374 
56.036948 
55.693124 
56.594598 
78.380771 
67.620867 
56.700247 
67.789435 
66.791306 
101.484798 
56.332435 
67.128930 
44.819720 
45.466996 
78.048593 
67.105232 
56.191096 
71.671118 
55.901967 
78.212637 
101.475039 
79.179815 
60.184640 
67.194457 
67.218646 
45.671741 
55.921554 
43.485236 
57.136112 
66.955361 
55.967182 
67.019077 
55.716171 
67.875549 
71.602383 
67.243038 
55.803887 
56.031108 
56.915293 
78.011365 
55.948283 
95.872825 
66.772667 
55.951585 
78.371752 
83.711851 
97.108629 
78.140467 
44.832888 
79.118918 
55.745795 
66.991043 
68.544272 
67.295346 
78.495625 
67.066458 
55.958084 
56.086236 
113.650109 
113.910859 
100.195269 
56.389359 
55.755602 
67.065309 
67.898164 
69.458614 
55.917077 
44.815155 
55.682715 
56.277437 
78.445204 
57.094294 
68.016334 
89.267817 
115.321171 
89.028655 
56.487620 
89.120831 
55.994554 
23.143983 
67.377499 
88.067090 
75.965053 
70.247166 
61.410700 
46.383367 
71.415532 
70.228054 
59.066829 
95.067167 
89.492777 
77.441739 
74.457034 
115.316799 
57.972071 
81.043180 
91.583576 
69.941733 
62.016298 
57.451117 
112.407835 
48.215329 
72.536477 
79.820926 
82.873126 
73.048539 
71.512838 
71.020056 
95.395857 
70.174444 
58.452156 
61.810844 
104.957842 
57.608664 
57.989550 
78.195417 
79.276068 
81.143150 
56.869696 
80.903650 
80.075796 
57.679581 
97.010303 
69.506977 
71.046502 
124.701478 
108.357155 
88.808043 
75.157613 
133.733712 
57.322514 
92.502223 
58.131187 
115.142928 
60.841397 
88.322975 
61.350447 
58.683914 
56.542930 
67.399718 
57.244949 
68.210134 
56.147100 
67.304293 
55.984938 
67.938059 
56.150243 
89.210501 
78.470371 
78.003269 
56.228862 
60.153905 
60.088660 
78.489603 
66.915878 
67.556495 
84.004083 
56.589073 
66.936607 
97.882173 
55.788988 
79.288686 
67.580183 
71.811957 
55.941637 
78.223428 
68.241578 
56.032539 
79.964414 
56.969453 
66.859915 
56.684393 
55.836304 
56.196076 
56.241563 
67.871414 
84.373189 
69.805320 
67.028193 
56.227431 
55.597920 
59.950026 
56.073799 
100.935134 
45.016200 
56.461028 
55.611136 
67.174989 
123.641788 
67.416006 
67.098122 
44.694575 
70.041911 
67.307646 
78.529341 
71.776280 
56.899520 
55.882098 
107.208510 
131.245902 
67.342498 
89.235822 
55.965086 
56.038703 
90.454513 
68.836428 
79.566134 
66.856636 
67.068485 
55.960672 
66.795362 
67.731436 
56.609935 
145.915604 
101.412131 
59.818401 
83.693022 
77.932787 
67.000519 
78.691024 
89.658016 
71.601356 
72.054009 
56.148328 
56.943738 
67.241394 
56.064207 
89.096466 
56.783619 
56.009190 
55.823933 
67.157200 
55.848374 
66.772746 
55.760674 
66.737853 
59.443563 
55.918527 
67.132217 
67.215636 
90.242806 
56.095638 
83.842819 
89.419304 
67.103376 
67.231761 
56.320040 
45.862360 
45.904910 
67.470104 
56.073017 
67.193252 
71.838282 
67.556993 
55.818057 
67.177687 
47.852081 
56.010168 
55.880996 
55.918176 
67.359627 
56.039670 
89.565772 
84.498847 
59.913750 
56.479455 
103.684034 
59.630664 
83.861894 
78.238082 
119.323520 
55.621165 
60.099062 
55.968091 
78.717711 
45.865773 
67.458442 
79.104831 
44.508229 
44.630400 
71.667658 
79.088227 
67.182103 
45.165436 
71.908976 
122.939635 
78.684612 
72.004044 
56.346773 
95.839297 
67.035190 
59.900107 
