104.678407 
88.032171 
175.167247 
87.931761 
87.839313 
105.044673 
177.970780 
175.638243 
88.038828 
351.191006 
157.499386 
104.806312 
210.036169 
158.069458 
104.411238 
88.361227 
246.025598 
104.678803 
261.938281 
123.248376 
366.225115 
457.041219 
158.859365 
263.757219 
140.783513 
140.613518 
87.351728 
262.622469 
122.635372 
192.435485 
86.964595 
140.548427 
122.996061 
140.750886 
175.348916 
106.113223 
105.493774 
156.793398 
105.606911 
140.812306 
87.630992 
438.715165 
508.354539 
578.782861 
122.695807 
122.576632 
123.204083 
122.993159 
244.953552 
88.479031 
157.991782 
176.131352 
87.308839 
87.557667 
210.239915 
192.118222 
263.265072 
123.748981 
244.848436 
140.562502 
210.768978 
350.091873 
105.809805 
192.148510 
158.375882 
106.026436 
123.216678 
87.346279 
105.540908 
140.607361 
141.203785 
123.203774 
281.039420 
175.683257 
175.079465 
159.086095 
140.595166 
122.509485 
161.558999 
158.156947 
140.400210 
694.333343 
111.497985 
167.501783 
197.081728 
129.199246 
586.839507 
228.263886 
141.846380 
92.122145 
128.534560 
165.750187 
106.554696 
147.886987 
176.962870 
206.419357 
257.159292 
178.362280 
146.932215 
147.199219 
215.436826 
144.857712 
558.440560 
131.104758 
133.186408 
193.498319 
143.233698 
173.142907 
215.281553 
252.678426 
231.887805 
141.308042 
132.304675 
224.269872 
127.065508 
190.543350 
150.992687 
295.762983 
294.930209 
194.601741 
340.059893 
149.455383 
259.649399 
149.364496 
106.629491 
162.637042 
157.599375 
158.504101 
158.644240 
212.044177 
157.637956 
280.939352 
525.685020 
211.421165 
633.008050 
88.023072 
88.916343 
192.924303 
174.873317 
106.265534 
122.427432 
177.671828 
105.012166 
105.355968 
88.015926 
123.413202 
105.144396 
157.679758 
105.253428 
87.751285 
227.855930 
105.389750 
192.927215 
88.230451 
105.218108 
88.367775 
175.836193 
105.765567 
175.443134 
210.831018 
158.069573 
123.617899 
315.702174 
158.438866 
87.157432 
141.665743 
176.085424 
123.757837 
158.783795 
123.547785 
105.050410 
88.503646 
228.543744 
175.822721 
720.993529 
158.422906 
158.473344 
105.835497 
105.699778 
175.336812 
122.431013 
193.358476 
140.744499 
140.485586 
122.926785 
456.099784 
106.116646 
104.918974 
140.805357 
140.104074 
107.718398 
263.566464 
88.495722 
281.160880 
193.301445 
122.588556 
139.953338 
140.740620 
455.912548 
123.472375 
194.131985 
333.559752 
123.001882 
356.445944 
192.783443 
140.495464 
141.825771 
333.138586 
105.983145 
158.670964 
141.226253 
193.554503 
210.565670 
122.770788 
139.914166 
123.387619 
174.902588 
158.837089 
176.265812 
175.241362 
228.793655 
210.501107 
122.216933 
157.776851 
140.325253 
141.510873 
176.672430 
122.461594 
192.808836 
106.063692 
157.567093 
140.459543 
140.406349 
280.130269 
419.885350 
139.813595 
105.034187 
402.473065 
106.091924 
122.500008 
193.004815 
210.093836 
104.913974 
105.028402 
122.745187 
106.374745 
104.999880 
140.775680 
175.905908 
122.704587 
227.516242 
176.836581 
122.382420 
214.410873 
157.899965 
192.574660 
140.332513 
210.039985 
122.608221 
105.116273 
157.217225 
192.557531 
122.683762 
88.249666 
123.352872 
105.215451 
140.032211 
87.522082 
122.622608 
245.259057 
157.199267 
157.697949 
228.373084 
439.960561 
87.533408 
211.267041 
88.265158 
438.971136 
105.756448 
87.559570 
88.298662 
105.036084 
157.791563 
123.435826 
105.627339 
193.029079 
580.470584 
157.937626 
140.546895 
87.522365 
88.710471 
88.218946 
192.508145 
140.424231 
105.902180 
195.603336 
297.397366 
105.903787 
367.946126 
140.259652 
105.797203 
157.394769 
473.958669 
107.072962 
140.261728 
139.847384 
177.881717 
228.800296 
88.362521 
333.393517 
146.830105 
228.457022 
560.504019 
140.974068 
122.922689 
158.427842 
87.680526 
193.477523 
193.535152 
210.785850 
140.037969 
122.688476 
87.599159 
123.656797 
105.755996 
193.567891 
192.672322 
105.732016 
228.591474 
209.713658 
122.220435 
175.311875 
123.412114 
139.703319 
140.342290 
165.404340 
143.074432 
106.854512 
124.836989 
164.660413 
195.778894 
233.493993 
105.462725 
158.211293 
140.345202 
159.195806 
210.536010 
215.201103 
101.224444 
156.626634 
117.253020 
180.504762 
182.422834 
446.073306 
196.487364 
107.240003 
159.080717 
144.821423 
106.354314 
105.827009 
123.567529 
158.676842 
209.936538 
333.846186 
264.225062 
229.686406 
140.885174 
123.904536 
105.928356 
157.520001 
106.068480 
122.927741 
388.031743 
145.905044 
110.459423 
300.478346 
211.042755 
245.444280 
529.726150 
107.352359 
315.465816 
123.316030 
139.738906 
139.601285 
104.907200 
105.603466 
122.887003 
194.214063 
106.241438 
122.385203 
368.516692 
227.408562 
350.753396 
158.284702 
88.506304 
123.006693 
228.193673 
123.291875 
123.884972 
157.372226 
157.564861 
104.489134 
210.389641 
105.567605 
156.999133 
87.184091 
123.719609 
123.402196 
139.695889 
122.321847 
192.573498 
104.557924 
140.498261 
244.526313 
104.688265 
139.494917 
140.100994 
87.980673 
87.269470 
122.741265 
421.069283 
105.369740 
104.525111 
211.172581 
87.638186 
104.808370 
104.808290 
209.614760 
105.036140 
157.984621 
140.189320 
139.973047 
139.792996 
105.863792 
139.887146 
175.923719 
105.293469 
174.556346 
105.658294 
193.892171 
140.934306 
420.129368 
386.160556 
123.338154 
175.197750 
105.650013 
105.761921 
106.176207 
192.619028 
87.560305 
156.769633 
157.264480 
228.023522 
122.046799 
104.854487 
122.347472 
106.417480 
367.264862 
122.182773 
122.543561 
159.584455 
191.927127 
419.343266 
491.466971 
245.890489 
122.284582 
139.922714 
158.183738 
227.990066 
139.738395 
210.650703 
87.930691 
211.167998 
105.528048 
176.104299 
455.476708 
245.561792 
105.482182 
193.024547 
105.602251 
211.076389 
175.918134 
192.591816 
122.716745 
105.881722 
122.015012 
122.504587 
174.553071 
192.193674 
104.941955 
178.975731 
105.840677 
139.954270 
157.680833 
404.470331 
192.055741 
122.142614 
613.636865 
140.929944 
122.605550 
