172.724544 
132.081720 
128.028113 
204.758353 
118.699441 
152.748701 
155.484142 
118.352134 
543.826864 
146.102097 
109.370581 
91.388216 
109.747497 
112.045812 
219.227005 
112.862459 
183.715933 
182.782920 
145.529777 
165.660832 
146.163191 
109.328872 
472.777136 
163.836621 
457.738253 
150.084898 
109.600108 
182.088376 
164.206897 
145.138664 
90.868544 
109.293954 
182.830545 
292.271536 
127.570018 
200.795666 
200.171290 
163.763827 
127.613133 
236.380851 
110.895618 
91.088519 
219.096514 
185.070861 
164.077528 
399.754465 
147.000781 
146.403211 
164.512282 
127.576301 
163.701860 
254.743769 
90.871561 
220.259978 
91.497863 
110.221980 
182.746426 
346.262267 
182.550783 
145.830012 
165.038862 
127.940837 
126.967064 
510.452650 
146.155584 
145.239322 
146.405168 
108.892637 
127.524706 
90.842984 
273.393557 
109.275490 
163.962284 
109.018266 
182.835670 
129.557816 
200.762348 
109.278917 
311.874632 
146.096209 
145.513829 
163.887096 
145.703998 
109.167162 
127.684067 
109.069789 
109.010165 
90.941574 
109.030761 
127.819979 
127.416696 
145.689268 
365.103066 
145.168006 
200.453790 
109.644852 
129.259530 
164.020355 
219.281866 
109.003185 
255.380734 
255.991729 
199.832885 
146.762813 
127.801660 
127.545910 
108.860382 
292.558047 
109.406663 
200.401890 
91.445411 
127.462353 
90.776312 
181.983587 
183.932113 
181.923210 
128.948494 
109.154870 
145.953356 
146.223363 
181.776300 
90.984197 
108.814424 
109.110933 
181.737533 
144.973179 
110.166847 
218.461300 
127.278503 
91.073339 
127.554946 
146.180921 
145.471445 
163.790127 
164.207551 
127.576516 
128.242517 
218.682200 
163.449769 
127.949182 
148.645746 
109.329391 
90.926437 
163.696797 
145.726306 
109.277391 
109.642745 
90.815220 
163.728461 
110.760023 
181.913191 
91.090863 
293.434229 
108.951342 
109.186794 
147.697255 
127.664591 
150.539304 
255.263039 
236.620333 
127.521332 
127.064538 
109.575743 
181.073588 
382.643630 
91.189123 
145.522906 
109.392850 
145.386451 
236.739143 
165.102760 
164.807022 
91.264783 
163.202917 
165.986178 
145.575983 
328.370167 
236.338011 
218.154873 
218.560313 
109.325954 
127.307343 
90.930315 
164.226473 
182.720440 
91.115410 
127.504004 
145.321014 
200.329967 
255.136132 
113.350484 
200.160893 
183.662792 
164.228758 
201.592450 
127.967788 
127.917372 
363.571958 
108.997324 
163.436665 
109.611465 
182.644177 
128.040534 
164.963972 
145.670701 
200.127500 
145.690734 
182.400901 
128.364298 
220.542289 
127.657508 
109.450518 
200.321253 
91.345743 
109.144992 
109.091897 
272.214754 
109.452245 
164.626896 
401.091764 
127.736641 
109.402083 
109.574307 
127.331006 
90.898997 
182.698520 
182.293710 
145.948703 
109.089705 
109.060619 
146.704382 
218.962350 
127.587313 
110.058444 
109.227088 
94.461606 
127.529697 
181.980139 
109.790882 
164.857735 
163.783988 
182.368139 
90.725704 
181.962061 
90.889516 
128.805588 
163.912259 
236.388885 
145.338102 
237.733769 
382.792887 
163.515248 
181.723055 
238.449448 
91.601529 
109.012818 
91.594186 
128.015475 
218.991150 
163.972977 
201.087211 
127.355024 
236.990644 
182.259038 
182.561818 
127.725527 
201.113869 
149.397767 
164.139965 
163.841935 
164.047559 
182.411417 
91.132573 
148.823644 
236.730762 
109.526383 
127.855674 
109.470239 
127.414411 
110.344867 
257.878531 
291.018288 
218.679123 
218.422038 
91.405927 
527.117179 
163.836011 
109.435189 
109.529763 
325.868227 
196.942955 
415.227501 
138.987676 
115.658895 
133.845254 
114.539030 
173.759527 
135.322218 
116.326754 
145.705419 
229.503847 
258.084756 
169.212459 
131.521626 
288.143819 
204.258217 
170.004716 
131.929752 
189.905462 
96.271541 
153.730830 
167.652791 
137.312590 
97.196444 
130.846501 
137.424050 
110.818478 
191.580365 
134.255954 
95.560043 
187.429785 
153.119239 
133.646601 
259.411513 
112.242888 
127.734329 
151.032227 
219.086361 
183.471468 
92.386648 
214.438876 
138.247400 
246.892898 
253.316119 
207.751582 
211.939814 
157.370392 
179.361187 
263.376491 
152.323378 
133.993960 
151.299828 
118.575070 
198.579167 
164.173147 
170.996579 
113.493825 
110.336718 
128.795408 
146.612368 
131.266241 
147.352779 
109.366010 
365.921473 
291.840413 
126.898909 
163.697320 
127.496137 
127.177401 
182.812557 
127.387984 
273.589827 
145.697836 
163.865364 
164.695900 
109.032450 
108.910775 
219.381099 
201.647313 
181.870250 
109.206537 
201.246152 
91.152257 
182.986573 
146.316795 
91.050333 
308.776590 
90.733369 
328.220360 
164.527266 
109.689523 
127.427319 
109.095892 
183.514873 
201.453775 
146.491456 
163.450618 
146.352890 
127.955704 
127.926620 
91.199586 
200.064015 
127.828464 
145.955386 
145.407827 
145.374412 
91.694943 
128.096426 
127.485985 
127.302254 
200.941621 
93.633579 
146.942268 
164.694669 
128.186412 
127.743640 
236.296617 
90.875566 
127.409535 
218.021327 
90.727657 
166.627720 
219.410088 
163.585865 
200.430032 
200.672310 
255.999982 
164.397777 
217.958540 
164.516885 
145.654040 
127.642899 
127.235019 
274.284903 
91.101997 
145.540541 
182.021709 
182.073989 
146.040477 
147.272212 
128.049197 
109.802019 
164.212226 
145.715854 
128.599026 
273.834542 
127.461618 
110.041163 
163.695255 
273.060551 
90.919321 
217.683616 
146.195619 
90.718388 
163.840717 
108.956000 
164.241837 
127.351021 
91.269830 
145.955587 
128.496258 
146.184451 
183.081722 
109.219873 
145.902555 
126.907334 
110.168992 
221.673756 
163.907293 
183.620720 
109.831127 
218.284304 
145.824157 
146.665486 
91.435793 
129.142624 
127.207248 
127.724941 
601.926182 
201.326599 
309.084373 
309.513247 
128.716695 
218.818166 
91.276108 
164.721258 
638.846225 
383.043528 
347.755680 
145.848586 
255.940707 
109.398068 
90.906232 
127.202296 
109.111490 
291.224433 
199.778960 
109.387676 
181.434705 
290.947435 
310.044086 
91.934434 
127.944140 
638.462291 
400.311585 
182.825614 
91.097270 
200.979287 
273.390828 
129.902868 
