151.979792 
119.546281 
134.846861 
101.819112 
153.687862 
101.803072 
269.486823 
219.286659 
218.998672 
186.113011 
85.210806 
186.456603 
119.413281 
185.663506 
101.313389 
210.555112 
135.004392 
118.758583 
118.397145 
119.053798 
101.997080 
204.232686 
135.766423 
101.646962 
101.232408 
119.827881 
84.687337 
118.017405 
152.499047 
102.155902 
456.324070 
101.405164 
101.670451 
84.592374 
118.665044 
84.935293 
118.495793 
134.870068 
135.668918 
168.881540 
118.413934 
372.029738 
152.774858 
101.532781 
136.143202 
219.178079 
236.567355 
101.203358 
119.366820 
151.924243 
101.797252 
122.650540 
118.325564 
202.213235 
152.290365 
168.654212 
101.877709 
202.656706 
353.836961 
101.336164 
371.831445 
152.992360 
336.749164 
202.743156 
119.780828 
119.189879 
218.871123 
118.337813 
101.546815 
522.958118 
220.723396 
118.849069 
101.478496 
169.783585 
102.470591 
135.511054 
118.785246 
135.483356 
135.846587 
101.265482 
84.812618 
101.394950 
202.569938 
101.481811 
264.434544 
85.373031 
222.858926 
135.090510 
118.941555 
185.464779 
152.247701 
169.217458 
101.021607 
184.983031 
70.102373 
101.957446 
220.682170 
119.568952 
101.479993 
151.687215 
505.803639 
102.630966 
185.839260 
135.430413 
202.588002 
118.990088 
101.988146 
247.577035 
137.187193 
165.592827 
164.472519 
471.791771 
122.817494 
159.673974 
88.891526 
213.524525 
142.408951 
108.443066 
726.090050 
249.712279 
106.631022 
106.345321 
119.613628 
216.697109 
215.371225 
142.014811 
96.505612 
190.741310 
374.726318 
124.538429 
190.940007 
290.306519 
272.256436 
296.071618 
89.612457 
143.356852 
120.995663 
121.178208 
87.161273 
207.328966 
107.646794 
140.780285 
152.392791 
212.721085 
142.496317 
142.767455 
214.568312 
127.434091 
145.440392 
142.045715 
265.293139 
115.872943 
123.796753 
161.414274 
369.390147 
138.390586 
123.279956 
105.649531 
178.298121 
639.798262 
198.055700 
173.943778 
343.704090 
644.902549 
206.646896 
163.190503 
187.082032 
115.294138 
136.059793 
114.522893 
112.403050 
134.633158 
180.535995 
133.475359 
180.204564 
116.294252 
135.290216 
137.356683 
157.439041 
198.017097 
122.911586 
296.346090 
417.513017 
148.364642 
391.481550 
147.367397 
196.666471 
147.808105 
148.516777 
171.209053 
197.339447 
896.109252 
319.232776 
172.386541 
221.190821 
196.625367 
171.488849 
319.100714 
123.200069 
294.963862 
319.113881 
319.604894 
172.845624 
124.541741 
175.497006 
148.842788 
128.517551 
123.463404 
222.744325 
221.085068 
293.493544 
273.529124 
176.400711 
124.239009 
148.463943 
146.836363 
171.442979 
171.661903 
319.203702 
294.356526 
380.071676 
439.575352 
440.426538 
418.704755 
98.686927 
195.290258 
122.818394 
246.145192 
439.554843 
146.055430 
494.480565 
197.924227 
173.423307 
173.430240 
122.593567 
121.625086 
302.802595 
368.861958 
147.681415 
149.657094 
304.615122 
324.449441 
371.238112 
174.987154 
221.196108 
123.085109 
199.700239 
195.488341 
197.061177 
147.947299 
122.706528 
220.072219 
366.834868 
158.221049 
231.092473 
123.804525 
294.268027 
174.159811 
137.763362 
85.190329 
187.022756 
286.653820 
135.426595 
135.689407 
472.991049 
406.171732 
186.436286 
118.721720 
237.594229 
170.023941 
196.129388 
120.541537 
152.643474 
253.361993 
85.861445 
119.040814 
220.103149 
101.891490 
135.804967 
153.913275 
102.987394 
169.582350 
237.256380 
136.015758 
89.583527 
85.244925 
169.999418 
170.231757 
101.937617 
170.583097 
135.110410 
118.875223 
118.968613 
102.360602 
118.867460 
102.247378 
135.622905 
85.267643 
172.969027 
153.354044 
202.901746 
203.662739 
118.813476 
119.157695 
119.452230 
136.516530 
287.726787 
85.079750 
287.471382 
119.357084 
102.108456 
101.790446 
101.908637 
135.611975 
255.821965 
135.475644 
101.702910 
118.847504 
85.237486 
135.415057 
153.071661 
303.533613 
85.356884 
153.242324 
202.219092 
102.021228 
203.830164 
204.940554 
387.903518 
101.612671 
185.762251 
102.068866 
87.924889 
304.367831 
170.052418 
153.869265 
338.194815 
119.082131 
186.778870 
255.535651 
119.147467 
135.617573 
135.577325 
154.234446 
118.392590 
168.858664 
157.608447 
169.239792 
169.191067 
169.840519 
152.532919 
340.384610 
136.142010 
135.848678 
220.720918 
135.916005 
135.720278 
439.092851 
103.247705 
102.069487 
118.647241 
271.658984 
101.755883 
102.135550 
439.596653 
202.488890 
271.927438 
152.065249 
186.959240 
85.380764 
203.143594 
158.254406 
304.427885 
135.418021 
253.238108 
198.777326 
124.350227 
104.072999 
103.982597 
156.980522 
136.968110 
157.501349 
156.361183 
104.582456 
156.330065 
157.216798 
172.590815 
275.092378 
206.629592 
103.551961 
103.308268 
274.742670 
167.005794 
195.351571 
119.912592 
193.825344 
224.109281 
228.233930 
259.797989 
292.748427 
136.721181 
162.352330 
343.319190 
114.719557 
179.294836 
183.646527 
211.744827 
121.180608 
203.375470 
228.731748 
280.021607 
194.351568 
469.563424 
174.782641 
320.023636 
510.991237 
293.706657 
170.060442 
207.728618 
121.352356 
292.555017 
218.449396 
244.634753 
194.699920 
146.139626 
289.494737 
146.320451 
217.194881 
170.868684 
219.501587 
293.084404 
415.908159 
292.881031 
146.068590 
289.754740 
365.207304 
193.884597 
242.054122 
194.927463 
264.882016 
169.996827 
171.040948 
169.809858 
194.245401 
146.206973 
169.823492 
195.282646 
147.008921 
194.676533 
194.145815 
144.154552 
241.769281 
195.381341 
461.153454 
146.649548 
242.329431 
194.631925 
169.189290 
362.447585 
218.790403 
146.091982 
145.681826 
269.069888 
245.847087 
289.782045 
200.747373 
340.093078 
196.506427 
175.505675 
145.615373 
193.867755 
217.949707 
145.409157 
292.249034 
457.402960 
240.962715 
170.159501 
121.497552 
191.705292 
315.782334 
193.999308 
169.254752 
146.602132 
267.940311 
217.735518 
243.644779 
172.878802 
266.889477 
146.143188 
243.686200 
364.637068 
219.832351 
336.460627 
194.763933 
291.417152 
170.161257 
172.683417 
145.358635 
267.990426 
171.009544 
