3.375e-01  
9.937e-01  
9.286e-01  
9.821e-01  
9.847e-01  
1.105e-01  
9.912e-01  
8.540e-01  
9.859e-01  
9.953e-01  
9.527e-01  
9.977e-01  
8.053e-01  
7.065e-01  
8.611e-01  
7.704e-01  
8.466e-01  
9.575e-01  
9.986e-01  
7.176e-01  
9.953e-01  
9.233e-01  
7.722e-01  
9.638e-01  
9.656e-01  
9.976e-01  
7.003e-01  
6.039e-01  
9.706e-01  
9.849e-01  
4.316e-01  
3.973e-01  
9.995e-01  
9.474e-01  
9.970e-01  
1.851e-01  
9.912e-01  
9.831e-01  
6.640e-01  
5.070e-01  
4.731e-01  
4.840e-01  
9.648e-01  
9.858e-01  
8.690e-01  
4.968e-01  
9.967e-01  
9.992e-01  
3.012e-01  
9.971e-01  
9.507e-01  
-6.861e-01  
6.682e-01  
-3.276e-01  
8.651e-01  
8.713e-01  
2.480e-01  
6.884e-01  
7.974e-01  
9.674e-01  
9.194e-01  
8.467e-01  
9.201e-01  
9.653e-01  
9.596e-01  
9.053e-01  
9.425e-01  
9.262e-01  
9.296e-01  
5.775e-01  
9.986e-01  
9.545e-01  
6.969e-01  
1.727e-01  
9.762e-01  
6.255e-01  
9.253e-01  
9.855e-01  
6.504e-01  
3.713e-01  
8.505e-01  
5.266e-01  
8.383e-01  
7.416e-01  
7.930e-01  
8.337e-01  
9.524e-01  
7.504e-01  
9.564e-01  
9.921e-01  
3.894e-01  
9.863e-01  
9.958e-01  
4.527e-01  
-3.146e-01  
9.932e-01  
5.502e-01  
9.964e-01  
7.760e-01  
6.420e-01  
9.705e-01  
8.382e-01  
8.956e-01  
9.946e-01  
7.150e-01  
9.746e-01  
4.858e-01  
9.955e-01  
-9.094e-01  
8.842e-01  
9.693e-01  
8.697e-01  
-2.708e-01  
9.466e-01  
9.498e-01  
9.532e-01  
9.729e-01  
9.494e-01  
6.188e-01  
9.906e-01  
7.348e-01  
9.746e-01  
8.987e-01  
8.865e-01  
9.726e-01  
5.507e-01  
9.995e-01  
8.024e-01  
5.335e-01  
9.670e-01  
9.492e-01  
9.591e-01  
9.479e-01  
9.388e-01  
5.423e-01  
-1.229e-01  
8.636e-01  
6.307e-01  
9.768e-01  
9.906e-01  
9.967e-01  
-3.578e-01  
5.457e-01  
4.413e-01  
6.543e-01  
9.983e-01  
7.807e-02  
3.824e-01  
9.994e-01  
9.905e-01  
8.840e-01  
9.713e-01  
9.811e-01  
3.916e-01  
9.044e-01  
9.296e-01  
8.843e-01  
8.643e-01  
9.192e-01  
7.272e-01  
9.852e-01  
7.814e-01  
9.517e-01  
-4.560e-01  
9.872e-01  
8.769e-01  
9.766e-01  
8.588e-01  
7.772e-01  
9.837e-01  
9.727e-01  
9.790e-01  
8.772e-01  
9.145e-01  
-4.910e-01  
9.093e-01  
7.272e-01  
7.397e-01  
9.350e-01  
8.384e-01  
3.761e-01  
9.955e-01  
1.667e-01  
9.928e-01  
6.362e-02  
8.832e-01  
9.394e-01  
7.235e-01  
8.302e-01  
5.104e-01  
9.997e-01  
9.665e-01  
1.042e-01  
9.838e-01  
3.936e-02  
9.675e-01  
9.707e-01  
8.879e-01  
9.168e-01  
9.879e-01  
8.943e-01  
9.062e-01  
9.838e-01  
9.916e-01  
8.574e-01  
9.609e-01  
9.015e-01  
9.890e-01  
9.488e-01  
9.982e-01  
9.874e-01  
8.911e-01  
9.982e-01  
9.328e-01  
9.999e-01  
9.688e-01  
9.949e-01  
9.999e-01  
9.949e-01  
9.846e-01  
9.965e-01  
9.464e-01  
9.984e-01  
9.366e-01  
9.819e-01  
1.000e+00  
9.999e-01  
9.728e-01  
9.986e-01  
9.760e-01  
9.933e-01  
9.702e-01  
9.998e-01  
9.652e-01  
9.658e-01  
9.982e-01  
9.951e-01  
8.463e-01  
9.615e-01  
8.501e-01  
9.838e-01  
1.000e+00  
8.469e-01  
9.498e-01  
9.923e-01  
9.982e-01  
9.370e-01  
9.737e-01  
9.778e-01  
9.589e-01  
9.844e-01  
9.052e-01  
9.202e-01  
9.474e-01  
8.807e-01  
8.645e-01  
7.639e-01  
9.491e-01  
9.480e-01  
9.769e-01  
6.716e-01  
9.957e-01  
8.693e-01  
9.710e-01  
1.000e+00  
8.767e-01  
8.768e-01  
9.930e-01  
9.898e-01  
9.848e-01  
9.975e-01  
9.988e-01  
9.599e-01  
9.388e-01  
9.976e-01  
9.098e-01  
9.882e-01  
9.999e-01  
9.915e-01  
9.649e-01  
9.320e-01  
9.814e-01  
9.526e-01  
9.813e-01  
9.784e-01  
9.996e-01  
9.956e-01  
9.855e-01  
8.971e-01  
9.560e-01  
9.984e-01  
9.974e-01  
9.973e-01  
9.877e-01  
9.870e-01  
8.974e-01  
6.221e-01  
9.592e-01  
9.732e-01  
9.684e-01  
9.886e-01  
9.572e-01  
9.999e-01  
9.713e-01  
8.043e-01  
9.863e-01  
9.214e-01  
9.399e-01  
9.789e-01  
9.817e-01  
9.880e-01  
9.627e-01  
9.996e-01  
9.983e-01  
7.319e-01  
9.928e-01  
9.933e-01  
9.995e-01  
9.470e-01  
9.789e-01  
8.694e-01  
9.765e-01  
9.923e-01  
8.713e-01  
9.882e-01  
9.996e-01  
9.999e-01  
7.892e-01  
9.492e-01  
6.385e-01  
9.918e-01  
9.616e-01  
9.744e-01  
9.197e-01  
9.902e-01  
9.926e-01  
9.997e-01  
9.809e-01  
7.292e-01  
9.795e-01  
9.557e-01  
7.748e-01  
9.712e-01  
9.356e-01  
9.906e-01  
9.742e-01  
9.994e-01  
9.999e-01  
9.830e-01  
9.956e-01  
9.731e-01  
9.483e-01  
9.930e-01  
9.942e-01  
9.973e-01  
6.565e-01  
9.785e-01  
9.438e-01  
9.116e-01  
9.385e-01  
9.218e-01  
9.904e-01  
9.996e-01  
9.516e-01  
9.595e-01  
9.891e-01  
9.818e-01  
9.488e-01  
9.959e-01  
9.839e-01  
8.979e-01  
8.115e-01  
9.651e-01  
9.271e-01  
9.993e-01  
1.000e+00  
9.950e-01  
9.953e-01  
9.462e-01  
8.675e-01  
9.887e-01  
9.947e-01  
1.000e+00  
9.555e-01  
9.668e-01  
9.986e-01  
9.630e-01  
9.977e-01  
9.583e-01  
9.998e-01  
9.555e-01  
9.706e-01  
9.545e-01  
9.196e-01  
9.969e-01  
9.696e-01  
9.472e-01  
9.873e-01  
9.831e-01  
9.979e-01  
