-5.135e-01  
7.386e-01  
2.440e-01  
4.927e-01  
4.662e-01  
3.192e-01  
-3.104e-01  
2.330e-01  
6.240e-01  
-2.981e-01  
-7.194e-01  
-2.120e-01  
6.134e-01  
9.385e-01  
5.484e-01  
2.675e-01  
4.013e-01  
4.465e-01  
2.702e-01  
5.376e-01  
-4.331e-01  
5.426e-01  
3.460e-02  
3.112e-01  
5.848e-01  
1.865e-02  
-1.632e-01  
7.808e-01  
4.509e-01  
-3.880e-01  
9.353e-01  
3.630e-01  
-2.848e-01  
4.381e-01  
-4.915e-01  
8.619e-01  
-2.472e-01  
2.389e-01  
3.924e-01  
2.148e-02  
2.892e-01  
-2.024e-01  
3.744e-01  
9.451e-02  
-4.708e-02  
1.598e-01  
-1.425e-01  
-1.762e-01  
5.376e-02  
-1.945e-01  
-1.582e-02  
-7.612e-02  
3.062e-01  
-2.003e-01  
3.933e-01  
-1.050e-01  
-2.296e-01  
-6.319e-01  
8.753e-03  
1.829e-01  
2.373e-01  
6.280e-01  
9.522e-02  
4.489e-01  
6.190e-02  
4.021e-01  
4.435e-01  
4.295e-01  
7.378e-02  
-2.428e-02  
5.636e-01  
4.570e-01  
3.455e-01  
3.058e-01  
9.126e-01  
1.452e-01  
-1.034e-01  
8.090e-02  
1.952e-01  
7.901e-02  
2.597e-01  
2.471e-01  
-7.726e-01  
5.023e-01  
8.124e-01  
3.665e-01  
3.958e-01  
1.132e-01  
2.490e-02  
3.834e-01  
9.991e-01  
1.732e-01  
7.832e-01  
-8.500e-02  
4.179e-01  
9.657e-02  
2.190e-01  
3.147e-01  
-1.520e-01  
2.811e-01  
3.491e-01  
5.847e-01  
-8.858e-02  
6.984e-02  
7.884e-01  
2.578e-01  
5.769e-01  
7.138e-01  
9.212e-01  
-8.294e-02  
9.738e-01  
2.601e-01  
-1.628e-02  
-9.069e-02  
4.668e-01  
-2.752e-01  
2.471e-01  
1.633e-03  
3.403e-01  
2.327e-01  
2.147e-01  
2.125e-01  
-5.036e-01  
-6.881e-02  
3.166e-01  
-4.087e-01  
-4.118e-02  
-8.613e-02  
8.888e-01  
7.693e-01  
-2.415e-01  
2.228e-03  
2.662e-01  
-8.992e-02  
-1.374e-01  
3.305e-01  
7.995e-02  
9.234e-02  
-5.136e-02  
1.141e-01  
1.463e-01  
-1.115e-01  
3.654e-01  
8.282e-01  
-6.306e-01  
-2.070e-01  
7.260e-01  
4.128e-01  
4.167e-01  
-8.081e-01  
4.346e-02  
1.911e-01  
7.335e-01  
7.264e-02  
7.846e-01  
4.084e-01  
2.058e-01  
3.615e-01  
1.837e-01  
5.085e-01  
4.950e-01  
1.949e-01  
-8.989e-02  
1.371e-01  
5.597e-01  
9.963e-01  
2.491e-01  
6.493e-01  
4.629e-01  
2.151e-01  
2.331e-01  
3.691e-01  
4.787e-01  
-1.036e-01  
-6.419e-01  
4.158e-01  
4.024e-01  
2.533e-01  
-2.515e-01  
9.365e-01  
2.210e-01  
1.648e-01  
3.400e-01  
-6.076e-01  
7.124e-02  
8.621e-02  
2.636e-01  
7.386e-01  
6.748e-01  
5.164e-01  
2.870e-01  
4.235e-01  
-1.215e-01  
1.854e-01  
9.051e-02  
2.819e-01  
1.804e-02  
-1.754e-01  
1.920e-01  
5.901e-01  
