-4.548e-01  
7.057e-01  
-4.991e-02  
1.723e-01  
2.095e-01  
3.188e-01  
9.999e-01  
-2.055e-01  
7.507e-01  
8.108e-02  
6.099e-01  
9.313e-01  
7.169e-01  
1.975e-02  
9.178e-01  
1.317e-01  
5.596e-01  
4.939e-01  
2.087e-01  
3.008e-01  
9.106e-01  
4.884e-01  
7.474e-01  
3.483e-01  
3.723e-01  
3.708e-01  
-6.896e-01  
8.024e-01  
4.961e-01  
8.797e-01  
9.035e-01  
2.202e-02  
8.809e-01  
4.233e-01  
2.579e-01  
3.718e-01  
6.430e-01  
5.800e-01  
3.701e-01  
4.643e-01  
-2.056e-01  
1.097e-01  
6.782e-01  
6.773e-01  
9.632e-01  
1.657e-01  
-8.073e-02  
2.608e-01  
9.142e-01  
9.362e-01  
-4.462e-01  
8.234e-01  
-6.657e-01  
8.594e-01  
1.270e-01  
2.107e-01  
6.323e-02  
5.725e-01  
2.666e-01  
5.269e-01  
9.545e-01  
6.965e-01  
9.353e-02  
9.602e-01  
8.363e-01  
7.543e-01  
6.965e-01  
5.587e-01  
-1.790e-01  
3.358e-01  
9.839e-01  
4.313e-02  
9.981e-01  
6.471e-01  
6.777e-01  
1.818e-01  
4.790e-01  
6.004e-01  
6.955e-01  
-1.893e-01  
4.225e-01  
6.262e-01  
7.439e-01  
2.773e-01  
8.837e-01  
4.773e-01  
2.613e-01  
3.043e-01  
6.841e-01  
-1.665e-02  
8.695e-01  
7.202e-01  
4.387e-01  
2.084e-01  
9.024e-01  
3.108e-01  
5.308e-01  
5.917e-01  
5.096e-01  
-6.086e-02  
2.898e-01  
8.882e-01  
8.998e-01  
8.750e-02  
4.416e-01  
3.721e-01  
5.881e-01  
3.789e-01  
9.779e-01  
9.761e-01  
5.275e-01  
7.976e-01  
1.953e-02  
5.539e-01  
-1.485e-03  
5.372e-01  
-2.415e-01  
5.893e-01  
-3.096e-01  
7.762e-01  
-6.120e-01  
8.677e-01  
9.624e-01  
4.779e-02  
-4.972e-01  
3.346e-01  
5.792e-01  
9.374e-01  
2.228e-01  
1.113e-01  
5.394e-01  
1.011e-01  
8.172e-01  
-5.026e-01  
-1.742e-01  
9.976e-01  
7.094e-01  
-1.765e-01  
4.073e-01  
5.268e-01  
2.712e-02  
7.044e-01  
7.157e-01  
5.505e-01  
4.882e-01  
9.031e-01  
9.647e-01  
2.461e-01  
3.137e-01  
4.995e-01  
3.294e-02  
5.586e-01  
9.828e-01  
5.610e-01  
3.876e-01  
6.954e-01  
3.908e-02  
-2.093e-01  
4.638e-01  
-2.253e-01  
-1.422e-01  
-5.657e-01  
9.998e-01  
8.734e-01  
8.490e-01  
7.311e-01  
6.818e-01  
8.462e-01  
4.964e-01  
4.737e-01  
9.874e-01  
4.153e-01  
5.888e-01  
5.152e-01  
7.118e-01  
9.993e-01  
1.233e-01  
5.916e-01  
2.135e-01  
6.905e-01  
8.360e-01  
5.307e-01  
-1.437e-01  
3.707e-01  
5.123e-01  
-1.793e-01  
5.635e-01  
3.463e-01  
2.212e-01  
4.697e-01  
7.027e-02  
3.748e-02  
4.715e-01  
-3.803e-02  
1.985e-01  
8.968e-01  
4.163e-01  
1.226e-01  
7.231e-01  
7.188e-01  
-3.551e-01  
-2.655e-01  
2.804e-02  
-5.020e-01  
-3.643e-01  
-3.739e-01  
-6.609e-01  
-3.191e-01  
-6.869e-02  
1.106e-02  
-1.898e-01  
-3.380e-01  
-2.236e-01  
1.111e-01  
-2.375e-01  
-2.374e-01  
-2.568e-01  
-3.527e-01  
-5.769e-01  
-3.180e-01  
-3.001e-01  
-5.981e-02  
-1.872e-02  
4.913e-02  
-2.876e-01  
-4.568e-01  
-3.909e-02  
-1.333e-01  
-4.993e-01  
-1.420e-01  
-5.038e-01  
-1.404e-01  
-2.091e-01  
1.899e-01  
-2.395e-01  
-2.933e-01  
-3.865e-01  
-7.297e-01  
-1.725e-01  
-4.195e-01  
-8.516e-01  
-7.785e-02  
-5.282e-01  
-2.563e-01  
1.379e-01  
-1.588e-01  
-3.056e-01  
1.154e-01  
-6.166e-01  
-6.928e-01  
-1.814e-01  
2.824e-01  
-1.712e-01  
-5.012e-01  
-2.848e-01  
-4.819e-01  
-1.657e-01  
-2.208e-01  
-6.172e-01  
-3.519e-01  
-3.246e-02  
-3.074e-01  
-2.232e-01  
-3.324e-01  
-7.249e-01  
-5.454e-01  
2.323e-03  
-3.353e-01  
-5.135e-01  
-2.553e-01  
-2.774e-01  
-3.091e-01  
3.500e-02  
-7.054e-02  
6.666e-02  
-2.551e-01  
-2.989e-01  
-3.860e-01  
2.422e-03  
-1.033e-01  
-4.298e-01  
-3.480e-01  
-5.137e-01  
-2.514e-01  
-5.711e-01  
3.541e-01  
-1.217e-01  
-6.133e-02  
-1.808e-01  
-1.407e-01  
-3.948e-01  
-5.829e-01  
-1.466e-01  
-4.285e-01  
-1.215e-02  
-2.648e-01  
-2.603e-01  
5.089e-02  
-2.042e-01  
-7.611e-02  
-2.481e-01  
2.625e-03  
-2.656e-01  
-6.689e-02  
-1.005e-01  
-1.846e-01  
-7.268e-01  
3.292e-03  
-5.323e-01  
-2.356e-01  
-4.820e-01  
-3.509e-01  
-1.513e-01  
-3.281e-01  
-3.326e-01  
-3.921e-01  
8.352e-02  
5.285e-02  
-2.344e-01  
-9.971e-02  
-5.224e-01  
-3.491e-01  
-4.387e-01  
-1.311e-01  
-2.051e-01  
-2.306e-01  
-4.862e-01  
-4.300e-01  
-5.097e-01  
-5.480e-01  
-1.301e-01  
-5.571e-01  
-1.952e-01  
1.111e-01  
-6.192e-01  
-3.099e-01  
-8.735e-02  
3.319e-02  
-3.777e-01  
-2.170e-01  
-4.306e-01  
-1.923e-01  
2.158e-02  
-2.623e-01  
-2.971e-01  
6.095e-03  
-6.427e-01  
-3.215e-01  
-6.062e-01  
-5.992e-01  
-3.884e-01  
-1.921e-02  
-3.842e-01  
-3.816e-01  
1.600e-01  
-1.753e-01  
2.531e-01  
5.404e-03  
-2.053e-01  
-5.198e-01  
-5.918e-01  
-2.276e-01  
-3.738e-02  
-2.085e-01  
-5.726e-01  
-7.856e-01  
-5.189e-01  
-2.921e-01  
-2.212e-01  
-3.101e-01  
-2.954e-01  
1.833e-02  
-1.585e-01  
-2.235e-01  
-3.788e-01  
-4.857e-02  
-2.230e-01  
9.887e-02  
-2.025e-01  
-5.120e-02  
-2.941e-01  
1.668e-01  
-2.390e-01  
2.374e-02  
-3.274e-01  
-1.734e-01  
-4.392e-01  
-4.344e-01  
-3.441e-01  
-4.009e-01  
-2.657e-01  
-3.181e-02  
-5.706e-01  
-2.786e-01  
-5.084e-01  
-4.851e-01  
-4.089e-01  
-2.065e-01  
3.772e-01  
-1.322e-01  
