-4.320e-01  
-3.908e-01  
-5.738e-01  
-7.756e-01  
-2.426e-01  
-6.606e-01  
-9.451e-01  
-3.829e-01  
-3.527e-01  
-7.036e-01  
-8.518e-01  
-9.556e-01  
-7.492e-01  
-7.411e-01  
-9.313e-01  
3.050e-02  
-7.638e-01  
-9.110e-01  
-6.648e-01  
-4.418e-01  
-9.873e-01  
-9.875e-01  
-7.381e-01  
-9.872e-01  
-9.090e-01  
-4.852e-01  
-9.972e-01  
-6.037e-01  
-8.331e-01  
-9.934e-01  
-3.517e-01  
-8.135e-01  
-8.892e-01  
-7.823e-01  
-4.886e-01  
-7.227e-01  
-7.821e-01  
-6.899e-01  
-6.566e-01  
-3.702e-01  
-1.820e-01  
-8.044e-01  
-9.483e-01  
-5.411e-01  
-6.543e-01  
-8.028e-01  
-6.949e-01  
-8.252e-01  
-5.248e-01  
-9.019e-01  
-8.617e-01  
-1.946e-01  
-6.648e-01  
-4.871e-01  
-8.331e-01  
-7.776e-01  
-2.114e-01  
-2.811e-01  
-8.115e-01  
-5.625e-01  
-9.581e-01  
3.398e-01  
-7.157e-01  
-9.705e-01  
-9.776e-01  
-9.558e-01  
-8.466e-01  
-3.523e-01  
-9.582e-01  
-6.886e-01  
-9.968e-01  
-6.358e-01  
-4.338e-01  
-6.177e-01  
-4.941e-01  
-9.336e-01  
-3.642e-01  
-7.632e-01  
-8.877e-02  
-8.277e-01  
-4.732e-01  
-7.660e-01  
-4.122e-01  
-4.827e-01  
-9.935e-01  
-6.444e-01  
-1.000e+00  
-9.707e-01  
-2.488e-01  
-6.845e-01  
-6.915e-01  
-2.423e-01  
-9.387e-01  
-7.490e-01  
-7.010e-01  
-7.639e-01  
-5.185e-01  
-9.078e-01  
-1.220e-01  
-8.079e-01  
-9.168e-01  
-9.295e-01  
-8.619e-01  
-8.667e-01  
-8.063e-01  
-8.385e-01  
-1.380e-01  
-9.769e-01  
-5.803e-01  
-9.081e-01  
-4.033e-01  
-8.538e-01  
-8.880e-01  
-3.879e-01  
-4.389e-01  
-7.766e-01  
-5.439e-01  
-7.955e-01  
-9.959e-01  
-4.593e-01  
-8.772e-01  
-4.264e-01  
-8.073e-01  
-4.110e-01  
-7.938e-01  
-9.941e-01  
-6.636e-01  
-2.496e-01  
-7.967e-02  
-8.977e-01  
-8.703e-01  
-4.948e-01  
-2.981e-01  
-9.002e-01  
-6.061e-01  
-3.252e-01  
-9.048e-01  
-7.241e-01  
-1.406e-01  
-4.418e-01  
-7.911e-01  
-9.159e-01  
-2.614e-02  
-7.010e-01  
-3.244e-02  
-2.789e-01  
-1.000e+00  
-7.338e-01  
-8.787e-01  
-7.794e-01  
-6.859e-01  
-5.321e-01  
-6.260e-01  
-5.905e-01  
-8.174e-01  
-9.691e-01  
-5.141e-01  
-9.920e-01  
-9.955e-01  
-9.678e-01  
-8.762e-01  
-9.933e-01  
-7.428e-01  
-9.698e-01  
-4.354e-01  
-8.785e-01  
-5.959e-01  
-8.637e-01  
-8.532e-01  
-9.749e-01  
-6.414e-01  
-5.864e-01  
-8.051e-01  
-7.666e-01  
-8.048e-01  
-7.280e-01  
-2.960e-01  
-7.164e-02  
-2.286e-01  
-8.135e-01  
-7.467e-01  
-9.329e-01  
-9.359e-01  
-9.227e-01  
-7.870e-01  
-9.855e-01  
-9.529e-01  
-9.985e-01  
-9.701e-01  
-4.069e-01  
-9.998e-01  
-8.672e-01  
-7.259e-01  
1.705e-01  
-6.112e-01  
-8.255e-01  
-5.140e-01  
-6.864e-01  
-9.029e-01  
-7.229e-01  
5.296e-01  
8.077e-01  
6.731e-01  
9.694e-01  
3.804e-01  
6.890e-01  
5.527e-01  
6.976e-01  
6.962e-01  
3.675e-01  
7.401e-01  
8.254e-01  
9.871e-01  
8.852e-01  
8.855e-01  
7.227e-01  
4.150e-01  
7.263e-01  
8.090e-01  
7.209e-01  
7.081e-01  
9.205e-01  
9.786e-01  
8.183e-01  
3.802e-01  
7.352e-01  
8.184e-01  
6.236e-01  
5.577e-01  
8.030e-01  
7.429e-01  
7.588e-01  
8.082e-01  
4.791e-01  
8.682e-01  
7.284e-01  
8.719e-01  
8.635e-01  
4.841e-01  
5.968e-01  
8.359e-01  
6.270e-01  
6.216e-01  
7.267e-01  
6.103e-01  
8.273e-01  
7.631e-01  
8.161e-01  
7.902e-01  
7.582e-01  
7.579e-01  
9.025e-01  
6.038e-01  
8.320e-01  
8.346e-01  
8.479e-01  
8.788e-01  
8.580e-01  
7.771e-01  
7.901e-01  
9.414e-01  
6.691e-01  
2.940e-01  
6.538e-01  
7.178e-01  
5.146e-01  
6.626e-01  
9.175e-01  
8.184e-01  
7.100e-01  
9.114e-01  
7.606e-01  
8.393e-01  
5.432e-01  
9.149e-01  
4.557e-01  
3.642e-01  
9.453e-01  
8.530e-01  
7.088e-01  
9.651e-01  
7.376e-01  
5.790e-01  
8.827e-01  
6.538e-01  
7.375e-01  
8.446e-01  
8.167e-01  
6.704e-01  
8.006e-01  
8.627e-01  
3.618e-01  
7.458e-01  
8.702e-01  
9.690e-01  
6.070e-01  
6.368e-01  
7.351e-01  
8.333e-01  
7.822e-01  
9.689e-01  
7.214e-01  
7.774e-01  
9.507e-01  
4.916e-01  
9.317e-01  
7.067e-01  
6.565e-01  
6.650e-01  
7.016e-01  
1.574e-01  
4.724e-01  
3.218e-01  
8.929e-01  
8.234e-01  
8.807e-01  
6.040e-01  
7.983e-01  
8.160e-01  
9.719e-01  
5.926e-01  
7.168e-01  
8.318e-01  
5.155e-01  
8.152e-01  
9.893e-01  
8.834e-01  
3.956e-01  
7.738e-01  
8.586e-01  
8.968e-01  
2.975e-01  
6.313e-01  
6.537e-01  
1.000e+00  
5.890e-01  
6.095e-01  
8.394e-01  
8.780e-01  
7.511e-01  
7.364e-01  
9.289e-01  
8.814e-01  
6.064e-01  
7.734e-01  
7.773e-01  
8.773e-01  
5.716e-01  
7.695e-01  
8.795e-01  
8.020e-01  
6.297e-01  
9.270e-01  
8.953e-01  
8.707e-01  
7.196e-01  
8.121e-01  
8.189e-01  
6.253e-01  
8.065e-01  
9.846e-01  
5.180e-01  
7.998e-01  
8.021e-01  
7.055e-01  
6.658e-01  
9.415e-01  
8.571e-01  
7.348e-01  
8.282e-01  
6.941e-01  
8.578e-01  
7.375e-01  
9.122e-01  
7.623e-01  
9.615e-01  
6.244e-01  
7.697e-01  
7.462e-01  
7.823e-01  
8.938e-01  
8.245e-01  
9.344e-01  
9.689e-01  
5.832e-01  
8.756e-01  
5.701e-01  
7.253e-01  
9.355e-01  
8.146e-01  
8.382e-01  
9.447e-01  
7.934e-01  
9.558e-01  
9.862e-01  
7.728e-01  
8.583e-01  
8.490e-01  
8.449e-01  
7.530e-01  
