3.002e-01  
9.940e-01  
9.229e-01  
9.800e-01  
9.844e-01  
4.410e-02  
9.879e-01  
8.012e-01  
9.848e-01  
9.928e-01  
9.453e-01  
9.967e-01  
7.994e-01  
6.921e-01  
8.558e-01  
7.616e-01  
8.379e-01  
9.516e-01  
9.986e-01  
7.081e-01  
9.946e-01  
9.119e-01  
7.391e-01  
9.630e-01  
9.606e-01  
9.975e-01  
6.756e-01  
5.640e-01  
9.680e-01  
9.841e-01  
4.091e-01  
3.272e-01  
9.991e-01  
9.474e-01  
9.961e-01  
9.625e-02  
9.873e-01  
9.814e-01  
6.434e-01  
4.613e-01  
4.374e-01  
4.270e-01  
9.535e-01  
9.852e-01  
8.038e-01  
4.482e-01  
9.959e-01  
9.985e-01  
2.627e-01  
9.977e-01  
9.469e-01  
-7.440e-01  
6.565e-01  
-3.817e-01  
8.635e-01  
8.706e-01  
1.387e-01  
6.364e-01  
7.841e-01  
9.659e-01  
9.165e-01  
8.374e-01  
9.183e-01  
9.616e-01  
9.534e-01  
9.010e-01  
9.428e-01  
9.211e-01  
9.281e-01  
4.432e-01  
9.986e-01  
6.259e-01  
6.817e-01  
1.435e-01  
9.681e-01  
5.818e-01  
9.082e-01  
9.852e-01  
6.097e-01  
2.695e-01  
8.425e-01  
4.968e-01  
8.163e-01  
7.316e-01  
7.717e-01  
8.341e-01  
9.423e-01  
7.176e-01  
9.545e-01  
9.922e-01  
3.197e-01  
9.878e-01  
9.930e-01  
4.294e-01  
-3.494e-01  
9.929e-01  
5.299e-01  
9.967e-01  
7.532e-01  
6.270e-01  
9.684e-01  
8.090e-01  
8.890e-01  
9.940e-01  
6.806e-01  
9.579e-01  
4.551e-01  
9.986e-01  
-9.294e-01  
8.528e-01  
9.677e-01  
8.685e-01  
-3.214e-01  
9.442e-01  
9.519e-01  
9.468e-01  
9.732e-01  
9.503e-01  
5.611e-01  
9.876e-01  
7.033e-01  
9.719e-01  
8.931e-01  
8.897e-01  
9.731e-01  
5.053e-01  
9.998e-01  
7.938e-01  
5.174e-01  
9.622e-01  
9.494e-01  
9.551e-01  
9.467e-01  
9.363e-01  
5.226e-01  
-1.503e-01  
8.487e-01  
5.563e-01  
9.764e-01  
9.927e-01  
9.969e-01  
-4.107e-01  
5.148e-01  
3.989e-01  
6.083e-01  
9.999e-01  
4.858e-02  
3.398e-01  
9.139e-01  
9.914e-01  
8.705e-01  
9.667e-01  
9.793e-01  
3.282e-01  
9.009e-01  
9.232e-01  
8.736e-01  
8.582e-01  
9.159e-01  
5.982e-01  
9.848e-01  
7.622e-01  
9.476e-01  
-5.179e-01  
9.863e-01  
8.720e-01  
9.742e-01  
8.502e-01  
7.585e-01  
9.827e-01  
9.712e-01  
9.766e-01  
8.769e-01  
9.055e-01  
-6.357e-01  
9.048e-01  
7.282e-01  
6.958e-01  
9.367e-01  
8.099e-01  
3.354e-01  
9.942e-01  
1.539e-01  
9.938e-01  
-2.878e-02  
8.881e-01  
9.383e-01  
6.956e-01  
8.220e-01  
4.854e-01  
9.997e-01  
9.663e-01  
6.539e-02  
9.842e-01  
1.721e-02  
9.659e-01  
9.622e-01  
8.685e-01  
9.139e-01  
9.867e-01  
