9.676e-01  
6.935e-01  
1.000e+00  
6.787e-01  
9.985e-01  
9.900e-01  
7.853e-01  
6.451e-01  
7.758e-01  
8.668e-01  
7.208e-01  
9.997e-01  
9.862e-01  
9.556e-01  
9.513e-01  
9.278e-01  
9.204e-01  
5.957e-01  
9.541e-01  
1.000e+00  
9.544e-01  
8.899e-01  
7.953e-01  
7.498e-01  
6.429e-01  
9.842e-01  
8.750e-01  
9.925e-01  
6.759e-01  
6.350e-01  
9.473e-01  
4.872e-01  
9.423e-01  
6.574e-01  
7.899e-01  
9.235e-01  
9.563e-01  
5.472e-01  
9.636e-01  
1.502e-01  
9.995e-01  
5.272e-01  
9.956e-01  
9.479e-01  
9.436e-01  
7.742e-01  
7.190e-01  
9.035e-01  
9.351e-01  
6.960e-01  
9.905e-01  
9.324e-01  
9.955e-01  
9.448e-01  
9.000e-01  
5.311e-01  
-1.229e-01  
8.311e-01  
9.994e-01  
9.087e-01  
9.850e-01  
9.922e-01  
9.704e-01  
8.318e-01  
9.690e-01  
6.363e-01  
8.397e-01  
5.944e-01  
9.955e-01  
9.924e-01  
9.613e-01  
3.474e-01  
9.830e-01  
9.932e-01  
8.632e-01  
9.109e-01  
7.924e-01  
5.208e-01  
8.332e-01  
1.539e-01  
9.216e-01  
9.995e-01  
9.924e-01  
-1.096e-01  
9.532e-01  
8.290e-02  
8.954e-01  
8.434e-01  
9.975e-01  
5.859e-01  
5.875e-01  
9.552e-01  
1.000e+00  
7.595e-01  
9.663e-01  
8.861e-01  
9.603e-01  
3.640e-01  
4.929e-01  
6.459e-01  
9.956e-01  
9.967e-01  
9.767e-01  
-4.487e-01  
8.070e-01  
9.997e-01  
7.018e-01  
7.945e-01  
9.947e-01  
8.513e-01  
9.565e-01  
9.528e-01  
9.408e-01  
9.656e-01  
9.999e-01  
9.219e-01  
1.000e+00  
9.916e-01  
8.940e-01  
6.300e-01  
9.685e-01  
9.547e-01  
9.350e-01  
7.958e-01  
9.825e-01  
9.226e-01  
8.744e-01  
8.093e-01  
-4.116e-01  
9.920e-01  
3.053e-01  
5.542e-01  
9.939e-01  
9.325e-01  
9.690e-01  
9.996e-01  
9.926e-01  
9.282e-01  
4.079e-01  
9.523e-01  
9.958e-01  
8.504e-01  
9.890e-01  
2.693e-01  
9.522e-01  
8.520e-01  
5.846e-01  
9.733e-01  
9.986e-01  
9.921e-01  
9.580e-01  
8.988e-01  
6.419e-01  
7.042e-01  
1.000e+00  
9.971e-01  
9.060e-01  
9.859e-01  
9.780e-01  
9.358e-01  
9.440e-01  
1.916e-01  
9.527e-01  
9.604e-01  
4.429e-01  
7.760e-01  
9.256e-01  
9.552e-01  
8.973e-01  
8.955e-01  
5.663e-01  
9.994e-01  
8.321e-01  
6.910e-01  
9.263e-01  
7.975e-01  
9.889e-01  
9.893e-01  
7.988e-01  
9.806e-01  
4.411e-01  
5.474e-01  
9.719e-01  
9.606e-01  
8.676e-01  
8.210e-01  
9.590e-01  
8.167e-01  
3.389e-01  
7.908e-01  
9.971e-01  
-7.396e-01  
7.518e-01  
9.824e-01  
9.896e-01  
9.596e-01  
8.801e-01  
9.647e-01  
9.863e-01  
7.803e-01  
