-4.453e-01  
-4.150e-01  
-5.953e-01  
-7.830e-01  
-2.567e-01  
-6.694e-01  
-9.496e-01  
-3.937e-01  
-3.635e-01  
-7.130e-01  
-8.627e-01  
-9.594e-01  
-7.571e-01  
-7.552e-01  
-9.379e-01  
2.133e-03  
-7.690e-01  
-9.171e-01  
-6.748e-01  
-4.559e-01  
-9.889e-01  
-9.891e-01  
-7.463e-01  
-9.892e-01  
-9.162e-01  
-4.959e-01  
-9.940e-01  
-6.163e-01  
-8.400e-01  
-9.950e-01  
-3.665e-01  
-8.522e-01  
-8.962e-01  
-7.964e-01  
-5.019e-01  
-7.311e-01  
-7.932e-01  
-7.005e-01  
-6.703e-01  
-3.839e-01  
-1.911e-01  
-8.162e-01  
-9.447e-01  
-5.496e-01  
-6.713e-01  
-8.141e-01  
-7.076e-01  
-8.364e-01  
-5.355e-01  
-9.119e-01  
-8.668e-01  
-2.082e-01  
-6.751e-01  
-4.970e-01  
-8.437e-01  
-7.880e-01  
-2.460e-01  
-2.920e-01  
-8.244e-01  
-5.773e-01  
-9.624e-01  
3.245e-01  
-7.257e-01  
-9.742e-01  
-9.804e-01  
-9.636e-01  
-8.547e-01  
-3.664e-01  
-9.638e-01  
-7.026e-01  
-9.983e-01  
-6.471e-01  
-4.443e-01  
-6.287e-01  
-5.164e-01  
-9.399e-01  
-3.822e-01  
-7.729e-01  
-1.124e-01  
-8.387e-01  
-4.880e-01  
-7.788e-01  
-4.340e-01  
-4.947e-01  
-9.915e-01  
-6.551e-01  
-9.998e-01  
-9.734e-01  
-2.632e-01  
-7.031e-01  
-6.997e-01  
-2.604e-01  
-9.436e-01  
-7.645e-01  
-7.120e-01  
-7.723e-01  
-5.305e-01  
-9.136e-01  
-1.754e-01  
-8.208e-01  
-9.215e-01  
-9.357e-01  
-8.684e-01  
-8.729e-01  
-8.149e-01  
-8.471e-01  
-1.496e-01  
-9.798e-01  
-6.053e-01  
-9.136e-01  
-4.109e-01  
-8.630e-01  
-8.937e-01  
-4.028e-01  
-4.536e-01  
-7.869e-01  
-5.571e-01  
-8.093e-01  
-9.920e-01  
-4.724e-01  
-8.870e-01  
-4.535e-01  
-8.176e-01  
-4.206e-01  
-8.002e-01  
-9.969e-01  
-6.771e-01  
-2.653e-01  
-9.375e-02  
-9.068e-01  
-8.814e-01  
-5.107e-01  
-3.178e-01  
-9.106e-01  
-6.240e-01  
-3.343e-01  
-9.101e-01  
-7.322e-01  
-1.618e-01  
-4.517e-01  
-7.814e-01  
-9.214e-01  
-3.715e-02  
-7.145e-01  
-4.525e-02  
-2.983e-01  
-9.999e-01  
-7.440e-01  
-8.855e-01  
-7.891e-01  
-7.034e-01  
-5.437e-01  
-6.408e-01  
-6.080e-01  
-8.295e-01  
-9.737e-01  
-5.443e-01  
-9.946e-01  
-9.965e-01  
-9.716e-01  
-8.837e-01  
-9.948e-01  
-7.504e-01  
-9.747e-01  
-4.588e-01  
-8.868e-01  
-6.085e-01  
-8.706e-01  
-8.689e-01  
-9.803e-01  
-6.510e-01  
-5.959e-01  
-8.133e-01  
-7.786e-01  
-8.138e-01  
-7.424e-01  
-3.108e-01  
-9.252e-02  
-2.508e-01  
-8.254e-01  
-7.535e-01  
-9.400e-01  
-9.389e-01  
-9.276e-01  
-8.013e-01  
-9.877e-01  
-9.576e-01  
-9.970e-01  
-9.726e-01  
-4.209e-01  
-9.994e-01  
-8.781e-01  
-7.320e-01  
1.449e-01  
-6.330e-01  
-8.360e-01  
-5.286e-01  
-6.978e-01  
-9.098e-01  
-7.342e-01  
