7.624e-01  
4.271e-01  
1.179e-01  
3.599e-01  
4.432e-01  
-4.307e-01  
-3.792e-01  
7.392e-01  
8.031e-02  
4.366e-03  
5.615e-01  
4.730e-01  
2.828e-01  
1.595e-01  
3.135e-01  
3.360e-01  
-1.330e-01  
2.506e-01  
1.109e-02  
7.507e-01  
9.909e-01  
7.611e-01  
3.384e-01  
-4.883e-01  
4.266e-01  
4.569e-01  
6.203e-02  
3.243e-01  
3.451e-01  
7.125e-01  
5.567e-01  
-3.683e-02  
8.235e-01  
-3.639e-02  
1.236e-01  
1.388e-01  
3.285e-01  
1.722e-01  
6.065e-02  
7.460e-01  
2.380e-02  
3.850e-01  
3.202e-02  
-4.513e-01  
8.573e-02  
3.718e-01  
2.440e-01  
-2.658e-01  
4.325e-01  
8.363e-01  
7.624e-01  
8.588e-01  
9.807e-02  
1.459e-01  
5.793e-01  
7.918e-01  
1.660e-01  
-4.120e-02  
4.977e-01  
-4.480e-03  
2.683e-01  
-5.154e-02  
-1.176e-01  
1.494e-01  
-3.166e-02  
3.087e-01  
4.030e-01  
7.698e-01  
7.708e-02  
2.673e-01  
7.984e-03  
8.579e-01  
1.863e-01  
3.770e-01  
-1.364e-01  
1.025e-01  
-2.699e-01  
-8.269e-01  
9.357e-01  
6.453e-01  
-6.921e-01  
6.109e-01  
8.120e-01  
8.816e-01  
-5.970e-01  
3.403e-02  
-3.318e-01  
1.664e-01  
5.717e-01  
1.781e-01  
6.260e-02  
-4.679e-02  
-2.756e-01  
-1.220e-01  
-4.009e-01  
1.349e-01  
5.381e-01  
1.841e-01  
7.798e-01  
9.923e-01  
4.848e-01  
3.409e-01  
-7.634e-02  
6.894e-01  
7.065e-01  
-1.371e-01  
6.236e-01  
-8.327e-01  
2.953e-01  
5.526e-01  
1.343e-01  
-4.992e-02  
8.872e-01  
1.975e-01  
1.047e-01  
2.077e-01  
1.400e-01  
-2.677e-01  
5.168e-01  
4.849e-01  
3.760e-01  
5.440e-01  
1.349e-01  
6.693e-01  
3.079e-01  
6.913e-01  
3.184e-01  
5.370e-01  
1.920e-01  
6.764e-01  
6.498e-01  
3.457e-01  
4.404e-01  
2.377e-01  
8.702e-01  
3.269e-01  
-4.984e-01  
2.314e-01  
8.507e-01  
7.379e-01  
-2.317e-01  
7.441e-01  
4.937e-01  
-5.941e-02  
6.750e-01  
4.753e-01  
2.711e-01  
9.947e-01  
1.743e-01  
1.238e-01  
5.602e-01  
3.894e-01  
3.666e-01  
2.324e-01  
5.280e-01  
-1.639e-01  
1.438e-01  
3.188e-01  
2.637e-01  
9.971e-01  
6.004e-01  
-2.688e-02  
6.211e-01  
8.056e-01  
-2.042e-01  
-1.521e-01  
4.322e-01  
1.335e-01  
4.634e-01  
-4.074e-01  
-4.319e-02  
2.812e-01  
2.753e-01  
2.788e-01  
6.948e-01  
8.345e-01  
1.533e-02  
-1.831e-01  
3.442e-01  
8.043e-01  
9.089e-01  
2.991e-01  
9.993e-02  
1.057e-01  
6.755e-01  
4.158e-01  
5.570e-01  
-2.037e-01  
7.928e-03  
1.984e-01  
4.812e-01  
3.133e-01  
4.955e-01  
1.305e-01  
-5.638e-01  
4.934e-01  
9.506e-01  
2.441e-01  
2.785e-01  
2.099e-01  
4.095e-01  
4.216e-01  
5.121e-01  
8.542e-01  
5.855e-01  
5.594e-01  
8.537e-01  
5.654e-01  
5.509e-01  
5.716e-01  
2.267e-01  
7.852e-01  
2.682e-01  
-1.184e-01  
4.262e-01  
2.698e-01  
6.880e-01  
3.249e-01  
2.987e-01  
9.767e-01  
3.412e-01  
7.928e-01  
9.785e-01  
7.854e-01  
3.780e-01  
8.419e-01  
7.415e-01  
5.215e-01  
1.916e-01  
8.243e-02  
3.988e-02  
-2.135e-02  
5.203e-01  
7.101e-01  
3.592e-01  
3.460e-01  
4.116e-01  
7.196e-01  
2.485e-01  
5.742e-01  
3.815e-01  
5.886e-01  
3.218e-01  
3.200e-01  
6.255e-01  
6.492e-01  
3.635e-01  
5.395e-01  
7.672e-01  
2.963e-02  
1.267e-01  
7.149e-01  
3.538e-01  
1.621e-01  
3.943e-01  
4.005e-01  
7.426e-01  
8.073e-01  
-1.266e-02  
3.883e-01  
5.535e-01  
8.142e-01  
-4.020e-02  
4.888e-01  
9.011e-01  
7.198e-01  
4.766e-01  
7.283e-01  
1.899e-01  
5.428e-01  
5.137e-01  
5.039e-01  
5.790e-01  
3.797e-01  
4.759e-01  
2.287e-01  
1.234e-01  
5.296e-01  
6.166e-01  
7.841e-01  
5.486e-01  
7.776e-01  
5.664e-01  
6.207e-01  
-5.026e-01  
4.630e-01  
3.162e-01  
7.930e-01  
6.662e-01  
2.017e-01  
9.245e-01  
3.778e-01  
-1.272e-01  
3.362e-01  
1.142e-01  
3.055e-01  
5.105e-01  
4.632e-01  
6.153e-01  
3.722e-01  
6.204e-01  
2.281e-02  
1.802e-01  
8.833e-01  
6.877e-01  
3.425e-01  
1.505e-01  
3.217e-01  
5.899e-01  
7.669e-01  
4.348e-01  
5.580e-01  
5.776e-01  
5.317e-01  
1.184e-01  
7.654e-01  
-4.381e-02  
5.966e-01  
4.711e-01  
5.569e-01  
2.443e-01  
7.052e-01  
6.089e-01  
3.037e-01  
2.075e-01  
2.495e-01  
4.227e-01  
3.881e-01  
3.364e-01  
2.168e-01  
3.972e-01  
3.730e-01  
6.469e-01  
2.864e-01  
5.073e-01  
6.296e-01  
8.361e-01  
6.112e-01  
6.954e-01  
6.260e-01  
5.691e-01  
4.317e-01  
6.115e-01  
3.744e-01  
9.523e-01  
5.367e-01  
2.336e-02  
4.527e-01  
8.591e-01  
6.068e-01  
1.729e-01  
8.142e-01  
2.397e-01  
4.149e-01  
7.766e-01  
-1.159e-01  
6.970e-01  
9.488e-01  
9.411e-01  
1.591e-01  
3.049e-01  
4.401e-01  
3.510e-01  
3.113e-01  
2.689e-02  
4.733e-01  
2.466e-01  
6.659e-01  
8.700e-01  
5.162e-01  
4.387e-01  
2.379e-01  
3.758e-01  
8.595e-01  
5.786e-01  
7.370e-01  
3.024e-01  
3.523e-01  
5.633e-01  
1.200e-01  
7.453e-01  
9.927e-01  
9.842e-01  
3.464e-01  
3.877e-01  
1.433e-01  
3.867e-01  
3.739e-01  
7.436e-01  
6.886e-01  
5.011e-01  
4.693e-01  
6.266e-01  
4.709e-01  
8.474e-01  
5.154e-01  
5.056e-01  
-1.320e-01  
4.851e-01  
9.920e-01  
