9.950e-01  
6.563e-01  
-9.312e-01  
7.774e-01  
3.459e-02  
9.998e-01  
9.938e-01  
8.672e-01  
9.842e-01  
7.815e-01  
9.986e-01  
9.549e-01  
9.157e-01  
5.167e-01  
8.173e-01  
7.888e-02  
9.130e-01  
7.304e-01  
9.993e-01  
9.972e-01  
8.974e-01  
9.912e-01  
1.603e-01  
5.626e-01  
-7.327e-02  
8.408e-01  
-4.072e-03  
9.573e-01  
9.390e-01  
8.378e-01  
9.901e-01  
-4.317e-01  
7.527e-01  
7.533e-01  
7.290e-01  
3.167e-01  
7.458e-01  
1.618e-01  
9.887e-01  
4.543e-01  
8.906e-01  
9.924e-01  
8.629e-01  
9.036e-01  
6.063e-02  
1.387e-01  
9.996e-01  
9.328e-01  
5.918e-01  
7.799e-01  
9.527e-01  
8.708e-01  
6.912e-01  
8.405e-01  
9.761e-01  
7.635e-01  
4.616e-01  
-8.765e-01  
6.971e-01  
9.504e-01  
8.315e-01  
7.121e-01  
8.421e-01  
9.807e-01  
3.830e-01  
1.676e-01  
6.375e-01  
9.376e-01  
4.372e-01  
9.653e-01  
2.988e-02  
9.346e-01  
9.964e-01  
-6.377e-01  
7.576e-01  
9.880e-01  
9.966e-01  
8.461e-01  
4.669e-01  
8.376e-01  
8.485e-01  
6.734e-01  
8.691e-01  
8.969e-01  
7.288e-01  
9.273e-01  
7.009e-01  
8.435e-01  
9.567e-01  
9.751e-01  
5.899e-01  
7.581e-01  
8.955e-01  
9.666e-01  
9.923e-01  
9.974e-01  
2.326e-01  
7.638e-01  
9.099e-01  
-3.021e-01  
3.683e-01  
8.789e-01  
6.172e-01  
7.845e-01  
9.974e-01  
8.084e-01  
6.817e-01  
8.691e-01  
9.932e-01  
9.956e-01  
6.791e-01  
8.509e-01  
7.192e-01  
7.582e-01  
8.551e-01  
3.824e-01  
8.184e-01  
6.129e-01  
-6.447e-01  
7.374e-02  
8.026e-01  
3.017e-01  
9.681e-01  
9.635e-01  
9.985e-01  
9.668e-01  
-1.669e-01  
9.204e-01  
9.985e-01  
6.982e-01  
1.100e-01  
5.906e-01  
6.149e-01  
4.762e-01  
9.179e-01  
9.981e-01  
-9.272e-01  
5.590e-01  
-9.641e-01  
9.779e-01  
2.003e-01  
8.098e-01  
4.408e-01  
8.870e-01  
8.164e-01  
9.934e-01  
9.982e-01  
5.833e-01  
5.000e-01  
9.090e-01  
9.734e-01  
-5.249e-01  
5.598e-02  
2.836e-01  
9.994e-01  
-1.921e-02  
7.753e-01  
-4.564e-01  
6.373e-01  
9.407e-01  
9.080e-01  
7.295e-01  
9.916e-01  
8.059e-01  
1.000e+00  
3.681e-01  
8.942e-01  
5.660e-01  
9.394e-01  
5.297e-01  
5.783e-01  
5.259e-02  
4.487e-01  
4.530e-01  
8.527e-01  
7.717e-01  
3.152e-01  
3.186e-01  
7.789e-01  
8.331e-01  
2.987e-01  
3.692e-01  
8.993e-01  
9.689e-01  
9.974e-01  
9.082e-01  
6.895e-01  
6.333e-01  
7.042e-01  
9.043e-01  
-9.995e-01  
4.659e-01  
-1.244e-01  
4.814e-01  
7.553e-01  
-5.873e-01  
9.811e-01  
9.119e-01  
7.029e-01  
9.344e-01  
