-5.184e-01  
6.122e-01  
-5.340e-01  
1.865e-02  
4.954e-02  
1.987e-01  
9.982e-01  
-2.996e-01  
7.480e-01  
-7.536e-03  
3.333e-02  
8.639e-01  
5.783e-01  
-2.669e-01  
8.585e-01  
3.566e-02  
4.494e-01  
1.704e-01  
9.359e-02  
1.526e-01  
8.424e-01  
4.130e-01  
6.217e-01  
-1.330e-02  
2.644e-01  
2.414e-01  
-7.541e-01  
7.402e-01  
4.136e-01  
8.184e-01  
8.452e-01  
-1.236e-01  
7.977e-01  
3.490e-01  
8.460e-02  
1.284e-01  
5.209e-01  
4.949e-01  
2.136e-01  
2.775e-01  
-2.930e-01  
-3.945e-02  
6.216e-01  
6.064e-01  
9.246e-01  
1.614e-02  
-1.792e-01  
1.280e-01  
8.669e-01  
8.772e-01  
-5.285e-01  
7.477e-01  
-7.178e-01  
8.052e-01  
-6.568e-02  
4.931e-02  
-1.089e-01  
4.630e-01  
1.099e-01  
2.794e-01  
9.155e-01  
6.231e-01  
-4.882e-02  
8.791e-01  
6.502e-01  
6.670e-01  
6.116e-01  
3.902e-01  
-3.200e-01  
2.440e-01  
9.620e-01  
-1.127e-01  
9.755e-01  
5.240e-01  
5.648e-01  
4.706e-02  
3.951e-01  
5.299e-01  
4.081e-01  
-3.796e-01  
9.356e-02  
5.181e-01  
6.647e-01  
9.983e-02  
8.062e-01  
3.579e-01  
1.729e-01  
1.522e-01  
5.888e-01  
-1.808e-01  
8.176e-01  
2.387e-01  
3.322e-01  
1.011e-01  
7.098e-01  
2.175e-01  
4.378e-01  
4.562e-01  
3.849e-01  
-1.658e-01  
1.637e-01  
8.487e-01  
8.473e-01  
-7.258e-01  
2.505e-01  
2.681e-01  
4.909e-01  
2.956e-01  
9.543e-01  
9.369e-01  
4.314e-01  
7.092e-01  
-1.487e-01  
3.208e-01  
-1.012e-01  
3.338e-01  
-3.421e-01  
5.144e-01  
-4.656e-01  
6.563e-01  
-6.779e-01  
7.978e-01  
9.207e-01  
-4.543e-02  
-5.934e-01  
2.196e-01  
4.468e-01  
7.767e-01  
1.076e-01  
-6.241e-02  
4.775e-01  
-2.068e-02  
7.648e-01  
-5.816e-01  
-2.832e-01  
8.809e-01  
6.015e-01  
-2.761e-01  
3.219e-01  
4.285e-01  
-5.725e-02  
6.397e-01  
6.548e-01  
4.388e-01  
3.942e-01  
8.668e-01  
-6.815e-01  
1.414e-01  
1.205e-01  
2.739e-01  
-1.618e-01  
4.275e-01  
9.953e-01  
4.652e-01  
2.865e-01  
3.660e-01  
-6.252e-02  
-3.642e-01  
3.557e-01  
-3.957e-01  
-2.169e-01  
-7.883e-01  
9.689e-01  
8.411e-01  
8.081e-01  
5.582e-01  
5.937e-01  
7.955e-01  
3.990e-01  
3.338e-01  
9.684e-01  
3.309e-01  
4.828e-01  
3.345e-01  
6.650e-01  
9.759e-01  
2.924e-02  
4.808e-01  
1.270e-01  
6.064e-01  
7.321e-01  
4.442e-01  
-2.752e-01  
1.482e-01  
3.634e-01  
-3.157e-01  
4.161e-01  
2.128e-01  
8.264e-02  
2.495e-01  
-1.768e-01  
-2.698e-01  
4.031e-01  
-2.553e-01  
1.188e-01  
8.398e-01  
3.124e-01  
-4.470e-02  
6.069e-01  
5.537e-01  
