-2.409e-01  
-8.401e-01  
-4.454e-01  
-9.939e-01  
-2.507e-01  
-5.585e-01  
3.001e-02  
-7.529e-01  
-6.170e-01  
5.115e-02  
-1.760e-02  
-2.918e-01  
-1.325e-01  
3.116e-01  
-3.221e-01  
-1.325e-01  
-6.960e-01  
-5.149e-02  
-4.139e-01  
-5.720e-01  
-4.706e-01  
-5.975e-01  
-5.358e-01  
-3.773e-01  
-1.402e-01  
-4.576e-01  
-6.612e-01  
-2.319e-01  
-9.096e-01  
-7.971e-01  
-3.673e-01  
2.872e-01  
-3.958e-01  
-4.107e-02  
-2.884e-01  
-3.575e-01  
5.871e-01  
-9.989e-01  
-4.295e-01  
-3.665e-01  
-6.735e-01  
-3.142e-01  
-2.219e-01  
3.166e-01  
1.160e-02  
-5.969e-01  
1.249e-01  
-4.098e-01  
1.568e-01  
-3.720e-01  
5.224e-01  
3.335e-01  
-3.731e-01  
-4.064e-01  
-2.226e-01  
-3.300e-01  
4.193e-01  
-5.032e-02  
-4.340e-01  
-1.394e-01  
-6.737e-01  
-5.019e-01  
-8.296e-01  
-5.463e-01  
-3.743e-01  
-1.984e-01  
5.940e-01  
-6.229e-01  
-6.510e-01  
-9.148e-01  
-5.374e-01  
-9.995e-01  
1.355e-02  
-1.696e-01  
-1.448e-01  
-6.895e-03  
-7.421e-01  
-1.590e-02  
1.633e-01  
1.588e-01  
2.498e-01  
-3.336e-01  
3.570e-01  
-3.645e-01  
-7.029e-01  
-1.759e-01  
8.916e-02  
-6.515e-01  
-5.689e-01  
-2.791e-01  
-2.167e-01  
2.302e-01  
-2.312e-01  
-5.771e-01  
-3.550e-02  
5.568e-01  
-8.535e-02  
-5.459e-01  
-6.238e-01  
-2.968e-01  
-5.865e-01  
-2.922e-01  
-7.809e-01  
-7.956e-02  
2.173e-01  
-5.977e-01  
-6.860e-01  
-7.057e-01  
-3.627e-01  
2.326e-01  
-1.318e-01  
1.341e-01  
2.886e-01  
-7.216e-01  
-3.856e-01  
2.942e-03  
-5.144e-01  
-8.385e-01  
4.886e-01  
-8.105e-01  
-1.938e-01  
3.867e-02  
2.657e-02  
-7.993e-01  
-5.810e-01  
-7.975e-01  
-9.279e-01  
3.769e-01  
-1.882e-01  
-1.141e-01  
-5.004e-01  
-7.823e-01  
-3.703e-01  
-2.568e-01  
-9.149e-01  
-7.741e-01  
-3.923e-02  
-3.781e-01  
-3.954e-01  
-7.759e-01  
-7.647e-01  
-3.508e-01  
-7.154e-01  
-4.578e-01  
1.733e-01  
-5.828e-01  
3.325e-02  
-5.444e-01  
-4.853e-01  
-3.201e-01  
-8.861e-02  
-4.079e-01  
-3.264e-01  
4.136e-01  
-4.841e-01  
7.026e-01  
-8.870e-01  
1.417e-01  
-2.906e-01  
-8.031e-01  
-6.732e-01  
-1.029e-01  
-4.017e-01  
3.143e-01  
-6.026e-01  
-2.761e-01  
-2.110e-02  
-3.480e-01  
-3.028e-01  
-7.772e-01  
-6.350e-01  
-2.144e-01  
1.120e-01  
-1.194e-01  
-6.988e-01  
-2.696e-01  
6.472e-02  
-9.596e-01  
9.668e-02  
3.455e-01  
-8.828e-01  
-8.363e-01  
4.365e-01  
-3.324e-01  
-2.709e-01  
-8.766e-02  
-7.469e-01  
-5.495e-02  
-3.459e-01  
2.239e-01  
-9.492e-01  
1.292e-01  
3.898e-02  
3.663e-01  
-7.582e-01  
1.918e-01  
-2.809e-01  
1.980e-01  
-4.393e-01  
-7.366e-01  
