7.898e-01  
4.461e-01  
1.381e-01  
3.912e-01  
4.751e-01  
-4.113e-01  
-3.527e-01  
7.591e-01  
1.082e-01  
3.010e-02  
5.881e-01  
4.965e-01  
3.350e-01  
1.921e-01  
3.324e-01  
3.629e-01  
-1.101e-01  
2.884e-01  
3.786e-02  
7.659e-01  
9.954e-01  
7.893e-01  
3.702e-01  
-4.652e-01  
4.520e-01  
4.884e-01  
1.113e-01  
3.507e-01  
3.654e-01  
7.585e-01  
5.810e-01  
-1.168e-02  
8.425e-01  
-8.022e-03  
1.427e-01  
1.650e-01  
3.617e-01  
2.035e-01  
8.621e-02  
7.581e-01  
5.601e-02  
4.096e-01  
5.499e-02  
-4.296e-01  
1.104e-01  
3.883e-01  
2.688e-01  
-2.314e-01  
4.558e-01  
8.462e-01  
7.754e-01  
8.704e-01  
1.234e-01  
1.683e-01  
6.102e-01  
8.259e-01  
1.891e-01  
-5.202e-03  
5.173e-01  
7.470e-02  
2.948e-01  
-2.362e-02  
-9.513e-02  
1.701e-01  
1.161e-03  
3.443e-01  
4.345e-01  
7.882e-01  
1.016e-01  
2.942e-01  
2.470e-02  
8.655e-01  
2.300e-01  
4.070e-01  
-1.165e-01  
1.290e-01  
-2.249e-01  
-8.019e-01  
9.417e-01  
6.645e-01  
-6.519e-01  
6.295e-01  
8.325e-01  
8.969e-01  
-5.815e-01  
6.512e-02  
-3.118e-01  
2.184e-01  
5.979e-01  
2.026e-01  
8.840e-02  
-3.014e-02  
-2.499e-01  
-9.696e-02  
-3.763e-01  
1.677e-01  
5.631e-01  
2.065e-01  
8.063e-01  
9.890e-01  
5.102e-01  
3.675e-01  
-4.985e-02  
7.136e-01  
7.301e-01  
-1.003e-01  
6.427e-01  
-8.202e-01  
3.234e-01  
5.659e-01  
1.551e-01  
-3.040e-02  
8.961e-01  
2.600e-01  
1.359e-01  
2.302e-01  
1.655e-01  
-2.460e-01  
5.435e-01  
5.188e-01  
4.205e-01  
5.698e-01  
1.626e-01  
6.860e-01  
3.558e-01  
7.086e-01  
3.560e-01  
5.539e-01  
2.184e-01  
7.050e-01  
6.746e-01  
3.660e-01  
4.626e-01  
2.635e-01  
8.817e-01  
3.444e-01  
-4.665e-01  
2.599e-01  
8.702e-01  
7.681e-01  
-1.928e-01  
7.637e-01  
5.163e-01  
-4.054e-02  
6.980e-01  
5.017e-01  
2.912e-01  
9.975e-01  
1.899e-01  
1.513e-01  
5.830e-01  
4.116e-01  
3.833e-01  
2.559e-01  
5.462e-01  
-1.447e-01  
1.667e-01  
3.532e-01  
2.918e-01  
9.945e-01  
6.260e-01  
-3.678e-03  
6.577e-01  
8.179e-01  
-1.845e-01  
-1.250e-01  
4.558e-01  
1.647e-01  
4.868e-01  
-3.951e-01  
-1.561e-02  
3.175e-01  
3.006e-01  
3.112e-01  
7.079e-01  
8.499e-01  
4.601e-02  
-1.504e-01  
3.843e-01  
8.274e-01  
9.185e-01  
3.295e-01  
1.166e-01  
1.264e-01  
6.979e-01  
4.417e-01  
5.732e-01  
-1.771e-01  
3.156e-02  
2.280e-01  
4.981e-01  
3.374e-01  
5.409e-01  
1.625e-01  
-5.373e-01  
5.189e-01  
9.608e-01  
2.663e-01  
3.208e-01  
2.304e-01  
