     30          1      18.09    15.6785       6.27
     30          2      17.81    15.9826       5.48
     30          3      17.57    15.4343       6.28
     30          4      18.21    16.1677       6.25
     30          5      17.86    15.7874       6.31
     30          6      17.72    15.4707       5.91
     30          7      18.25    16.2553       6.10
     30          8      17.54    16.3368       6.52
     30          9      17.84    15.8521       6.45
     30         10      17.60    16.1254       6.17
