     35          1      19.08    17.8933       6.97
     35          2       0.00     0.0000       0.00
     35          3      19.01    18.4083       6.56
     35          4      19.43    17.9672       6.35
     35          5      19.40    18.2232       6.36
     35          6      19.16    18.2233       6.24
     35          7      18.68    17.7552       6.58
     35          8       0.00     0.0000       0.00
     35          9      18.99    18.4889       6.32
     35         10      19.02    18.1763       6.98
