     40          1       0.00     0.0000       0.00
     40          2       0.00     0.0000       0.00
     40          3      20.97    19.9692      17.12
     40          4       0.00     0.0000       0.00
     40          5      20.79    19.9437      17.09
     40          6       0.00     0.0000       0.00
     40          7       0.00     0.0000       0.00
     40          8      21.01    19.5208      17.41
     40          9      20.85    19.8686      16.82
     40         10       0.00     0.0000       0.00
