     40          1      21.04    23.7871       6.66
     40          2      21.07    23.9471       6.93
     40          3      21.20    23.9165       6.98
     40          4      20.83    23.9243       7.02
     40          5      21.13    23.9427       6.74
     40          6      21.13    23.9788       6.66
     40          7      20.81    24.0430       6.79
     40          8      21.23    23.9781       6.21
     40          9      21.04    23.7640       6.68
     40         10      20.94    23.8571       6.96
