     35          1      19.37    17.6452      11.90
     35          2      19.73    17.9600      10.39
     35          3      19.30    18.0393      10.22
     35          4      19.75    17.7341      10.34
     35          5      19.63    17.9466      10.36
     35          6      19.42    17.9757      10.92
     35          7      19.13    17.4274      10.82
     35          8      19.40    17.9437      11.07
     35          9      19.43    18.2434      10.37
     35         10      19.39    17.8552      11.78
