     25          1      16.32    18.8681       6.47
     25          2      16.44    18.9795       7.11
     25          3      16.10    18.9285       7.14
     25          4      16.12    19.0248       6.91
     25          5      15.73    18.9275       6.65
     25          6      15.68    18.9968       7.15
     25          7      16.56    18.8535       6.82
     25          8      16.13    18.6739       6.67
     25          9      16.09    19.0340       6.54
     25         10      16.11    18.9557       6.86
