     45          1      21.97    20.9514       6.84
     45          2      22.55    20.9608       5.98
     45          3      23.18    21.1938       6.67
     45          4      23.05    21.1199       6.06
     45          5      22.74    21.3094       6.28
     45          6      22.70    21.1769       6.41
     45          7      22.81    20.9345       5.68
     45          8      22.53    20.8298       6.57
     45          9      23.12    21.2476       6.01
     45         10      22.41    21.0658       6.76
