     30          1      18.09    20.6289       6.80
     30          2      17.81    20.5949       6.71
     30          3      17.57    20.5694       6.81
     30          4      18.21    20.6679       6.76
     30          5      17.86    20.7681       6.87
     30          6      17.72    20.5336       6.56
     30          7      18.25    20.5025       6.66
     30          8      17.54    20.7764       7.01
     30          9      17.84    20.5697       6.93
     30         10      17.60    20.5226       6.75
