     45          1      21.97    25.5382       7.24
     45          2      22.55    25.5789       6.59
     45          3      23.18    25.7846       7.13
     45          4      23.05    25.5425       6.65
     45          5      22.74    25.6302       6.77
     45          6      22.70    25.5951       6.99
     45          7      22.81    25.6385       6.40
     45          8      22.53    25.5823       6.97
     45          9      23.12    25.6021       6.65
     45         10      22.41    25.6112       7.21
