     40          1      21.04    19.7475       5.99
     40          2      21.07    19.7719       6.41
     40          3      21.20    19.6845       6.47
     40          4      20.83    19.4856       6.48
     40          5      21.13    19.6274       6.15
     40          6      21.13    19.5480       5.93
     40          7      20.81    19.7647       6.22
     40          8      21.23    19.1417       5.11
     40          9      21.03    19.6334       5.96
     40         10      20.94    19.5261       6.48
