     25          1      16.32    14.5769       5.73
     25          2       0.00     0.0000       0.00
     25          3      16.10    14.3766       6.72
     25          4      16.12    14.9078       6.46
     25          5      15.73    14.3307       6.07
     25          6       0.00     0.0000       0.00
     25          7      16.56    14.2084       6.18
     25          8      16.13    14.2906       6.00
     25          9      16.09    14.6337       5.85
     25         10      16.11    13.9338       6.37
