     30          1       0.00     0.0000       0.00
     30          2       0.00     0.0000       0.00
     30          3       0.00     0.0000       0.00
     30          4       0.00     0.0000       0.00
     30          5       0.00     0.0000       0.00
     30          6       0.00     0.0000       0.00
     30          7       0.00     0.0000       0.00
     30          8       0.00     0.0000       0.00
     30          9      17.41    16.1437      17.27
     30         10       0.00     0.0000       0.00
