     25          1      16.05    14.8380       6.37
     25          2      16.17    14.6694       7.15
     25          3      15.77    14.7247       7.23
     25          4      15.73    15.2218       6.54
     25          5      15.38    14.6643       6.62
     25          6      15.30    14.9587       6.99
     25          7      16.21    14.4733       6.80
     25          8      15.80    14.7041       6.79
     25          9      15.79    14.9633       6.65
     25         10      15.77    14.3476       7.01
