     35          1      19.37    22.1931       7.06
     35          2      19.73    22.2049       6.50
     35          3      19.30    22.3766       6.53
     35          4      19.75    22.2171       6.53
     35          5      19.63    22.2979       6.32
     35          6      19.42    22.1976       6.67
     35          7      19.13    22.2604       6.62
     35          8      19.40    22.2498       6.64
     35          9      19.43    22.3527       6.51
     35         10      19.39    22.3377       6.90
