     45          1      21.57    21.3544       7.09
     45          2      22.04    21.3665       6.58
     45          3       0.00     0.0000       0.00
     45          4       0.00     0.0000       0.00
     45          5      22.44    21.6671       6.92
     45          6       0.00     0.0000       0.00
     45          7      22.48    21.3210       6.46
     45          8      22.06    21.2209       6.95
     45          9       0.00     0.0000       0.00
     45         10      22.04    21.4065       6.95
