6.069e-02  
-1.364e-01  
4.453e-01  
8.479e-01  
3.042e-01  
8.022e-01  
5.481e-02  
5.051e-01  
5.076e-01  
5.422e-01  
7.187e-02  
5.433e-01  
4.006e-01  
-7.831e-01  
-2.868e-01  
4.322e-01  
-1.525e-02  
3.432e-01  
4.909e-01  
4.871e-01  
-1.944e-01  
2.199e-01  
1.423e-01  
7.350e-01  
2.817e-01  
2.833e-01  
-3.719e-01  
4.642e-01  
1.793e-01  
6.646e-01  
3.816e-01  
1.395e-01  
5.671e-02  
2.822e-02  
5.030e-01  
2.735e-01  
5.796e-01  
8.913e-01  
4.795e-01  
4.777e-01  
7.238e-01  
5.509e-01  
-1.085e-01  
3.890e-01  
-2.638e-01  
2.157e-01  
5.273e-01  
7.499e-01  
2.193e-01  
5.392e-01  
4.251e-01  
2.165e-01  
5.620e-01  
2.668e-01  
5.519e-01  
9.815e-01  
7.725e-01  
2.712e-01  
5.775e-01  
3.445e-02  
4.660e-01  
3.403e-01  
-3.510e-01  
5.041e-01  
5.749e-01  
5.487e-01  
3.312e-01  
1.147e-01  
6.109e-01  
6.597e-02  
5.642e-01  
4.131e-01  
-1.385e-01  
-1.126e-01  
5.384e-01  
5.139e-01  
7.801e-01  
-4.230e-01  
8.576e-01  
1.821e-01  
5.270e-01  
1.125e-01  
3.016e-01  
7.384e-01  
4.772e-01  
4.630e-01  
3.804e-01  
4.139e-01  
6.660e-01  
3.627e-01  
2.471e-01  
-1.142e-01  
5.762e-01  
9.001e-02  
-9.144e-02  
3.950e-01  
7.398e-01  
3.696e-01  
2.671e-01  
6.176e-01  
5.640e-01  
2.559e-01  
-2.647e-01  
-6.059e-01  
-9.755e-01  
4.662e-01  
8.972e-01  
2.528e-01  
8.420e-02  
2.400e-01  
1.340e-01  
8.846e-01  
8.663e-01  
3.814e-01  
5.152e-01  
7.413e-01  
-1.434e-01  
2.813e-01  
1.417e-01  
6.939e-01  
4.279e-02  
6.436e-01  
4.046e-01  
3.704e-01  
4.187e-01  
4.867e-01  
6.984e-02  
8.557e-01  
-5.495e-01  
1.737e-01  
2.997e-01  
-2.865e-01  
9.517e-02  
7.248e-01  
1.817e-01  
1.104e-01  
7.354e-01  
8.978e-01  
1.814e-01  
4.418e-02  
1.878e-01  
7.875e-01  
-6.521e-02  
5.798e-01  
1.629e-01  
4.151e-01  
3.010e-01  
6.929e-01  
2.392e-01  
5.823e-01  
4.343e-01  
4.257e-01  
-1.363e-01  
4.266e-01  
4.530e-01  
8.871e-01  
1.422e-01  
6.725e-02  
5.188e-01  
6.186e-01  
5.050e-01  
-1.558e-01  
-5.562e-01  
4.212e-01  
4.057e-01  
2.135e-02  
4.313e-01  
2.148e-01  
2.080e-01  
6.541e-01  
4.891e-01  
2.485e-01  
-1.025e-01  
9.781e-01  
-1.963e-01  
4.451e-01  
4.738e-01  
2.416e-01  
5.500e-01  
1.977e-01  
-5.156e-01  
4.537e-01  
8.592e-01  
4.446e-01  
3.515e-02  
4.464e-01  
1.000e+00  
5.148e-01  
5.427e-01  
5.738e-01  
6.558e-01  
-7.695e-01  
7.590e-01  
4.302e-01  
6.176e-01  
9.251e-01  
5.842e-01  
9.256e-01  
5.437e-01  
1.794e-03  
6.996e-01  
5.419e-01  
7.246e-01  
6.675e-01  
9.239e-01  
8.052e-01  
9.798e-01  
8.438e-01  
8.412e-01  
4.708e-01  
7.258e-01  
7.946e-01  
2.108e-01  
7.841e-01  
7.430e-01  
6.908e-01  
9.776e-01  
5.175e-01  
7.780e-01  
7.692e-01  
9.502e-01  
9.498e-01  
8.707e-01  
8.131e-01  
9.573e-01  
7.851e-01  
8.760e-01  
8.185e-01  
6.861e-01  
9.901e-01  
9.560e-01  
9.060e-01  
9.295e-01  
3.904e-01  
6.971e-01  
9.265e-01  
8.485e-01  
8.977e-01  
5.681e-01  
6.900e-01  
8.875e-01  
8.755e-01  
7.654e-01  
6.709e-01  
6.148e-01  
7.982e-01  
8.746e-01  
8.969e-01  
8.653e-01  
8.148e-01  
8.504e-01  
5.786e-01  
7.704e-01  
8.210e-01  
7.571e-01  
7.272e-01  
7.377e-01  
6.505e-01  
8.660e-01  
9.496e-01  
8.055e-01  
8.310e-01  
9.988e-01  
5.842e-01  
7.883e-01  
5.725e-01  
3.788e-01  
9.188e-01  
8.537e-01  
7.893e-01  
8.015e-01  
7.134e-01  
9.212e-01  
6.641e-01  
9.666e-01  
4.868e-01  
7.558e-01  
5.521e-01  
6.122e-01  
7.546e-01  
9.283e-01  
8.609e-01  
8.903e-01  
6.648e-01  
7.554e-01  
7.857e-01  
6.949e-01  
7.950e-01  
8.903e-01  
7.643e-01  
3.064e-01  
5.098e-01  
8.447e-01  
8.086e-01  
8.595e-01  
9.262e-01  
6.135e-01  
7.238e-01  
8.081e-01  
5.088e-01  
4.142e-01  
8.052e-01  
8.769e-01  
5.787e-01  
9.144e-01  
8.984e-01  
5.082e-01  
6.776e-01  
9.166e-01  
8.374e-01  
8.347e-01  
6.687e-01  
4.726e-01  
6.529e-01  
9.340e-01  
8.007e-01  
4.171e-01  
5.204e-01  
7.433e-01  
9.148e-01  
7.162e-01  
9.987e-01  
7.674e-01  
8.137e-01  
6.897e-01  
6.023e-01  
6.383e-01  
7.615e-01  
7.918e-01  
6.350e-01  
6.667e-01  
8.620e-01  
9.349e-01  
4.705e-01  
7.849e-01  
6.100e-01  
9.991e-01  
8.683e-01  
7.633e-01  
5.207e-01  
8.796e-01  
9.160e-01  
6.420e-01  
7.966e-01  
6.995e-01  
8.168e-01  
8.559e-01  
3.739e-01  
8.400e-01  
8.125e-01  
9.759e-01  
7.355e-01  
8.471e-01  
8.680e-01  
7.088e-01  
7.047e-01  
6.440e-01  
3.950e-01  
8.670e-01  
5.272e-01  
7.982e-01  
8.973e-01  
9.125e-01  
8.679e-01  
5.957e-01  
7.566e-01  
7.533e-01  
5.662e-01  
8.068e-01  
4.484e-01  
6.772e-01  
8.966e-01  
5.328e-01  
6.939e-01  
9.501e-01  
6.392e-01  
6.866e-01  
7.809e-01  
8.311e-01  
8.158e-01  
7.879e-01  
9.020e-01  
9.297e-01  
9.044e-01  
7.242e-01  
9.594e-01  
8.037e-01  
8.244e-01  
7.588e-01  
7.059e-01  
8.835e-01  
5.416e-01  
5.789e-01  
4.777e-01  
7.789e-01  
8.886e-01  
9.437e-01  
9.529e-01  
9.626e-01  
9.349e-01  
