-5.868e-01  
-4.058e-01  
-5.066e-01  
-1.064e-01  
-8.074e-01  
4.681e-02  
-7.797e-01  
-2.024e-01  
-1.705e-01  
-5.894e-01  
-9.641e-01  
-7.430e-01  
-5.229e-01  
-7.288e-01  
-1.700e-01  
-4.329e-01  
-6.727e-01  
-7.558e-01  
9.199e-01  
-6.743e-01  
-9.194e-01  
1.612e-01  
-5.082e-01  
-8.501e-01  
-6.186e-01  
-7.872e-01  
5.651e-01  
-4.982e-01  
-3.602e-01  
-7.943e-01  
-1.813e-01  
2.099e-01  
-3.612e-01  
-9.909e-01  
-2.105e-01  
6.130e-01  
-3.126e-01  
-1.549e-02  
-6.327e-01  
-9.021e-02  
-3.580e-01  
-5.266e-01  
-1.102e-01  
-2.342e-01  
-1.739e-01  
-9.812e-01  
8.316e-01  
-5.861e-01  
-6.461e-01  
-7.200e-01  
-8.549e-01  
-1.000e+00  
-9.998e-01  
-6.885e-01  
5.024e-01  
-3.175e-01  
-7.861e-01  
-9.320e-01  
-8.430e-01  
5.449e-01  
3.258e-01  
-8.988e-01  
-5.561e-01  
-7.229e-01  
1.722e-01  
-5.533e-01  
-3.484e-01  
-9.477e-01  
-6.183e-01  
-9.303e-01  
6.070e-02  
-5.709e-01  
-1.621e-01  
-1.843e-01  
-3.758e-01  
-3.314e-01  
7.361e-01  
2.630e-02  
-7.451e-01  
-3.172e-02  
-9.147e-01  
-1.882e-01  
-7.873e-01  
-9.864e-01  
-2.748e-01  
-4.190e-01  
-5.353e-01  
9.620e-01  
-1.593e-01  
-7.432e-01  
-5.381e-01  
-6.523e-01  
9.199e-01  
-7.433e-01  
-6.154e-01  
-4.763e-01  
-5.263e-01  
-4.719e-01  
2.455e-02  
-2.297e-01  
-7.491e-01  
-1.114e-01  
-5.272e-01  
2.134e-01  
-2.362e-01  
-9.554e-01  
-4.774e-01  
-2.907e-01  
-9.489e-01  
4.599e-01  
4.221e-01  
-8.729e-01  
-7.290e-01  
-6.884e-01  
-6.412e-01  
-5.195e-03  
-7.913e-01  
5.813e-01  
-2.194e-01  
-7.246e-01  
-9.108e-01  
-7.211e-01  
5.229e-01  
-4.216e-01  
-6.290e-01  
-1.880e-01  
-3.529e-01  
-3.951e-01  
-1.694e-01  
-4.037e-01  
2.288e-01  
8.334e-02  
-3.138e-01  
-8.740e-01  
-9.294e-01  
-4.870e-01  
-5.715e-01  
-9.132e-01  
6.533e-01  
1.416e-01  
-5.403e-01  
-9.524e-01  
5.984e-01  
-3.128e-01  
-6.073e-01  
1.503e-01  
7.650e-02  
-4.620e-01  
-6.396e-01  
-2.460e-01  
-9.479e-02  
-6.086e-01  
-3.383e-01  
-2.140e-01  
-9.957e-01  
9.889e-01  
-7.687e-01  
-3.757e-01  
-6.892e-01  
-9.999e-01  
-9.857e-01  
-9.846e-01  
-2.930e-01  
-3.737e-01  
-6.707e-01  
-2.830e-01  
-6.614e-01  
6.401e-02  
-2.802e-01  
-5.926e-01  
3.853e-01  
-9.688e-01  
-5.237e-01  
4.099e-01  
9.986e-01  
-7.518e-01  
-1.960e-01  
-4.955e-01  
2.629e-01  
-1.798e-01  
-3.050e-01  
-6.872e-01  
-9.324e-01  
-9.987e-01  
-9.357e-01  
3.656e-01  
-8.713e-01  
-2.883e-01  
-8.509e-01  
-5.754e-01  
9.232e-01  
-3.508e-01  
4.455e-01  
-5.137e-01  
-4.399e-01  
-5.338e-02  
-8.136e-02  
-4.582e-02  
-3.711e-01  
-5.580e-02  
