8.706e-01  
9.987e-01  
6.257e-01  
8.763e-01  
7.883e-01  
5.041e-01  
9.068e-01  
5.007e-01  
9.802e-01  
5.164e-01  
8.323e-01  
5.664e-01  
8.073e-01  
5.520e-01  
1.052e-01  
-8.476e-02  
7.137e-01  
-1.301e-01  
2.963e-01  
4.241e-01  
4.017e-01  
8.493e-01  
4.591e-01  
3.960e-01  
9.849e-01  
5.280e-01  
8.299e-01  
9.882e-01  
8.145e-01  
8.664e-01  
6.688e-01  
6.372e-01  
8.918e-01  
5.915e-01  
7.548e-01  
8.460e-01  
1.790e-01  
2.567e-01  
8.458e-01  
9.777e-01  
-6.436e-02  
9.595e-01  
9.673e-01  
6.823e-01  
6.835e-01  
2.034e-01  
8.147e-01  
6.900e-01  
7.444e-01  
8.988e-01  
7.471e-01  
8.540e-01  
9.845e-01  
7.456e-01  
8.881e-03  
4.071e-01  
3.865e-01  
7.762e-01  
1.000e+00  
8.495e-01  
7.257e-02  
3.613e-01  
5.732e-01  
5.809e-01  
9.624e-01  
8.168e-01  
8.756e-01  
5.280e-01  
9.009e-01  
8.191e-02  
8.696e-01  
6.950e-01  
-4.252e-01  
2.230e-01  
8.626e-01  
8.418e-01  
7.927e-01  
9.986e-01  
2.519e-01  
6.116e-01  
8.838e-01  
5.828e-01  
7.526e-01  
3.902e-01  
5.441e-01  
7.287e-01  
3.639e-01  
7.106e-01  
9.621e-01  
6.156e-01  
5.937e-01  
4.907e-01  
9.368e-01  
7.324e-01  
8.356e-01  
7.665e-01  
9.853e-01  
8.406e-01  
9.829e-01  
9.932e-01  
2.414e-01  
3.801e-01  
4.953e-01  
5.130e-01  
7.026e-01  
5.617e-01  
-3.462e-02  
6.433e-01  
9.319e-01  
9.194e-01  
4.859e-01  
7.424e-01  
7.165e-01  
4.770e-01  
8.242e-01  
-1.799e-01  
9.070e-01  
4.740e-01  
3.452e-01  
9.225e-01  
8.118e-01  
4.256e-01  
9.444e-01  
7.830e-01  
6.073e-01  
9.000e-01  
1.427e-01  
9.849e-01  
2.382e-01  
9.882e-01  
6.240e-01  
8.608e-01  
3.339e-01  
3.612e-01  
8.650e-01  
7.381e-01  
5.525e-01  
9.198e-01  
9.926e-01  
4.025e-01  
8.579e-01  
3.545e-01  
9.975e-01  
4.635e-01  
5.891e-01  
7.897e-01  
-4.704e-01  
8.832e-01  
8.713e-01  
8.891e-01  
9.219e-01  
6.655e-01  
3.692e-01  
7.855e-01  
7.794e-01  
7.758e-01  
1.188e-01  
5.855e-01  
5.818e-01  
9.917e-01  
7.819e-01  
-7.424e-02  
1.647e-01  
9.054e-01  
9.746e-01  
8.083e-01  
2.957e-01  
8.241e-01  
8.601e-01  
8.354e-01  
9.697e-01  
8.663e-01  
7.721e-02  
7.533e-01  
7.724e-01  
8.242e-01  
7.741e-01  
3.251e-01  
1.058e-01  
4.596e-01  
8.415e-01  
6.545e-01  
6.999e-01  
3.736e-01  
4.727e-01  
6.973e-01  
8.435e-02  
7.219e-01  
9.970e-01  
9.844e-01  
8.544e-01  
8.673e-01  
4.813e-01  
9.408e-01  
9.850e-01  
9.170e-01  
6.718e-01  
8.231e-01  
5.116e-01  
1.151e-01  
-7.213e-01  
-7.925e-01  
-9.370e-01  
-8.829e-01  
-9.883e-01  
-8.457e-01  
-9.496e-01  
-6.467e-01  
-8.093e-01  
-6.850e-01  
-9.677e-01  
-9.836e-01  
-9.152e-01  
-9.266e-01  
-9.223e-01  
-8.049e-01  
-8.138e-01  
-9.276e-01  
-9.656e-01  
-7.712e-01  
-9.283e-01  
-8.912e-01  
-8.361e-01  
-8.306e-01  
-9.085e-01  
-9.991e-01  
-9.340e-01  
-5.304e-01  
-5.818e-01  
-7.971e-01  
-9.056e-01  
-9.157e-01  
-9.981e-01  
-9.174e-01  
-9.439e-01  
-8.658e-01  
-6.165e-01  
-9.958e-01  
-8.132e-01  
-8.294e-01  
-8.576e-01  
-6.899e-01  
-9.512e-01  
-9.870e-01  
-8.791e-01  
-6.743e-01  
-9.362e-01  
-6.454e-01  
-9.486e-01  
-7.713e-01  
-9.139e-01  
-8.682e-01  
-9.242e-01  
-4.373e-01  
-9.765e-01  
-9.943e-01  
-7.565e-01  
-7.817e-01  
-8.276e-01  
-8.881e-01  
-9.097e-01  
-6.695e-01  
-9.307e-01  
-9.075e-01  
-9.789e-01  
-8.956e-01  
-7.141e-01  
-8.633e-01  
-7.324e-01  
-8.296e-01  
-9.803e-01  
-8.792e-01  
-9.093e-01  
-9.463e-01  
-9.465e-01  
-7.352e-01  
-8.687e-01  
-8.692e-01  
-7.175e-01  
-9.275e-01  
-9.929e-01  
-9.696e-01  
-8.439e-01  
-7.906e-01  
-9.107e-01  
-9.268e-01  
-5.919e-01  
-7.757e-01  
-7.478e-01  
-8.528e-01  
-8.617e-01  
-6.772e-01  
-8.131e-01  
-5.672e-01  
-8.304e-01  
-9.575e-01  
-9.964e-01  
-8.884e-01  
-7.289e-01  
-9.359e-01  
-5.614e-01  
-8.770e-01  
-5.841e-01  
-9.554e-01  
-8.287e-01  
-9.311e-01  
-5.706e-01  
-8.319e-01  
-8.395e-01  
-6.636e-01  
-7.705e-01  
-6.855e-01  
-9.785e-01  
-8.145e-01  
-9.451e-01  
-9.436e-01  
-7.422e-01  
-7.614e-01  
-9.629e-01  
-9.627e-01  
-9.643e-01  
-9.996e-01  
-9.533e-01  
-7.386e-01  
-9.811e-01  
-9.024e-01  
-9.774e-01  
-9.753e-01  
-9.463e-01  
-7.379e-01  
-8.485e-01  
-7.419e-01  
-9.691e-01  
-8.085e-01  
-8.867e-01  
-8.806e-01  
-6.014e-01  
-9.856e-01  
-8.342e-01  
-7.652e-01  
-7.697e-01  
-7.374e-01  
-9.649e-01  
-8.241e-01  
-8.152e-01  
-7.307e-01  
-8.680e-01  
-9.673e-01  
-9.133e-01  
-9.120e-01  
-8.989e-01  
-6.858e-01  
-9.559e-01  
-7.973e-01  
-8.382e-01  
-9.925e-01  
-9.213e-01  
-8.906e-01  
-7.285e-01  
-5.947e-01  
-9.011e-01  
-8.803e-01  
-8.315e-01  
-9.713e-01  
-6.729e-01  
-9.375e-01  
-9.170e-01  
-9.057e-01  
-7.619e-01  
-9.500e-01  
-9.672e-01  
-7.751e-01  
-9.792e-01  
-9.102e-01  
-9.394e-01  
-9.995e-01  
-6.669e-01  
-9.124e-01  
-8.127e-01  
-9.621e-01  
-8.736e-01  
-8.274e-01  
-8.308e-01  
-7.295e-01  
-6.794e-01  
-6.863e-01  
-8.629e-01  
-7.983e-01  
-8.393e-01  
-8.645e-01  
-8.505e-01  
-8.778e-01  
-8.299e-01  
-8.643e-01  
-9.388e-01  
-9.499e-01  
-7.613e-01  
-6.665e-01  
-9.319e-01  
-8.454e-01  
