9.842e-01  
1.356e-03  
9.918e-01  
9.957e-01  
9.214e-01  
9.758e-01  
1.133e-01  
9.736e-01  
9.383e-01  
-5.523e-01  
9.965e-01  
8.484e-01  
7.575e-01  
9.794e-01  
7.463e-01  
1.804e-01  
9.008e-01  
7.568e-01  
9.686e-01  
9.972e-01  
4.438e-01  
9.905e-01  
-1.689e-01  
9.649e-01  
9.007e-01  
6.005e-01  
6.834e-01  
9.980e-01  
9.418e-01  
7.627e-01  
9.149e-01  
9.544e-01  
6.486e-01  
3.735e-01  
8.959e-01  
9.933e-01  
-2.723e-01  
8.512e-01  
9.114e-01  
9.393e-01  
9.925e-01  
4.710e-01  
9.825e-01  
9.965e-01  
9.298e-01  
8.156e-01  
9.866e-01  
9.907e-01  
9.631e-01  
7.081e-01  
9.335e-01  
5.936e-01  
7.274e-01  
9.140e-01  
6.613e-01  
9.678e-01  
4.343e-01  
9.310e-01  
9.066e-01  
8.204e-01  
9.525e-01  
9.960e-01  
9.895e-01  
9.006e-01  
9.449e-01  
7.850e-01  
7.039e-01  
7.479e-01  
4.886e-01  
6.881e-01  
9.715e-01  
5.961e-01  
9.189e-01  
9.042e-01  
8.579e-01  
9.669e-01  
9.276e-01  
-1.557e-01  
3.640e-01  
8.841e-01  
8.085e-01  
9.150e-01  
9.745e-01  
9.899e-01  
3.875e-01  
9.331e-01  
9.999e-01  
9.869e-01  
9.840e-01  
9.992e-01  
6.271e-01  
8.028e-01  
7.779e-01  
9.626e-01  
9.905e-01  
9.987e-01  
8.573e-01  
8.726e-01  
9.964e-01  
9.614e-01  
7.895e-01  
8.832e-01  
9.735e-01  
-2.028e-01  
9.468e-01  
8.603e-01  
7.159e-01  
9.903e-01  
7.480e-01  
9.972e-01  
6.525e-01  
8.858e-01  
9.351e-01  
8.921e-01  
-9.263e-01  
9.740e-01  
8.964e-01  
9.524e-01  
9.785e-01  
7.925e-01  
9.353e-01  
7.537e-01  
-4.686e-01  
9.677e-01  
9.567e-01  
9.273e-01  
9.943e-01  
2.994e-01  
9.368e-01  
7.827e-01  
8.549e-01  
1.000e+00  
9.528e-01  
5.457e-01  
8.820e-01  
9.925e-01  
9.624e-01  
9.871e-01  
6.310e-01  
9.427e-01  
7.590e-01  
9.965e-01  
5.112e-01  
9.559e-01  
8.821e-01  
6.668e-01  
9.825e-01  
9.359e-01  
9.794e-01  
9.983e-01  
9.546e-01  
2.536e-01  
4.537e-01  
9.566e-01  
9.999e-01  
5.910e-01  
9.937e-01  
9.969e-01  
9.598e-01  
8.278e-01  
9.903e-01  
7.647e-01  
9.902e-01  
8.588e-01  
4.741e-01  
9.923e-01  
9.938e-01  
9.758e-01  
9.996e-01  
8.619e-01  
9.504e-01  
8.735e-01  
7.267e-01  
9.922e-01  
9.678e-01  
6.349e-01  
1.000e+00  
2.800e-01  
9.049e-01  
9.778e-01  
9.998e-01  
9.921e-01  
6.984e-01  
9.793e-01  
1.121e-01  
8.313e-01  
9.316e-01  
8.135e-01  
9.708e-01  
9.993e-01  
8.490e-01  
7.311e-01  
6.780e-01  
9.970e-01  
9.393e-01  
8.311e-01  
9.519e-01  
9.611e-01  
7.507e-01  
9.418e-01  
