-5.667e-01  
-2.541e-01  
-3.296e-01  
-5.882e-01  
-3.220e-01  
-8.292e-01  
-1.696e-01  
-7.121e-01  
-5.702e-01  
-7.610e-01  
-9.998e-01  
-8.719e-01  
-6.308e-01  
-7.348e-01  
-8.044e-01  
-7.411e-01  
-9.961e-01  
-2.792e-01  
-4.467e-01  
-9.521e-01  
-5.229e-01  
2.290e-01  
-6.157e-01  
-2.486e-01  
-1.874e-01  
-5.291e-01  
-9.373e-01  
-9.976e-01  
-4.626e-01  
-6.939e-01  
1.371e-01  
-7.914e-01  
-9.999e-01  
-8.740e-01  
-3.933e-01  
-9.977e-01  
-7.183e-01  
-7.682e-01  
-5.900e-01  
-4.359e-01  
-4.005e-01  
-7.992e-01  
-6.642e-01  
-1.376e-01  
-8.364e-01  
-7.139e-01  
-7.999e-01  
-1.634e-01  
-6.865e-01  
1.403e-01  
-8.373e-01  
1.889e-01  
-4.301e-01  
-9.933e-01  
-8.314e-01  
-6.319e-01  
-4.335e-01  
-3.066e-01  
-5.974e-01  
-9.089e-01  
-5.546e-01  
-6.864e-01  
-4.910e-01  
-5.262e-01  
-4.452e-01  
-7.835e-01  
-7.896e-01  
-5.407e-01  
-5.767e-01  
-6.200e-01  
-6.020e-01  
-6.968e-01  
-4.127e-01  
6.977e-02  
-7.229e-01  
-8.994e-01  
-6.661e-01  
-3.969e-01  
-9.714e-01  
-8.033e-01  
-7.797e-01  
-2.469e-01  
-4.459e-02  
-1.960e-01  
-9.715e-01  
-9.128e-01  
-8.417e-01  
-7.692e-01  
-5.437e-01  
-8.922e-01  
-9.834e-01  
-9.958e-01  
-6.781e-01  
-7.771e-01  
-5.280e-01  
-8.946e-01  
-9.911e-01  
-8.499e-01  
-2.635e-01  
-8.988e-01  
-3.446e-01  
-4.552e-01  
-4.611e-01  
-7.126e-01  
-6.283e-01  
-8.393e-01  
-2.928e-01  
-5.197e-01  
-6.311e-01  
-4.525e-01  
-9.474e-01  
-4.759e-01  
-7.937e-01  
-8.169e-01  
-7.731e-01  
-9.621e-01  
-8.259e-01  
-5.723e-01  
-9.487e-01  
-9.429e-01  
-7.678e-01  
-3.336e-01  
-8.104e-01  
-6.993e-01  
-6.433e-01  
-8.938e-01  
-5.157e-01  
-5.861e-01  
-6.993e-01  
-7.581e-01  
-9.972e-01  
1.633e-01  
-2.330e-01  
-9.263e-01  
-8.143e-01  
-9.946e-01  
-4.149e-01  
-8.417e-01  
-3.541e-01  
-6.560e-01  
-9.987e-01  
-7.133e-01  
-8.378e-01  
-9.813e-01  
-9.830e-01  
-5.765e-01  
-8.506e-01  
-5.053e-01  
-7.533e-01  
-7.034e-01  
-5.844e-01  
-8.063e-01  
-4.139e-01  
-7.025e-01  
-7.658e-01  
-7.853e-01  
-7.975e-01  
-9.228e-01  
-6.878e-01  
-6.131e-01  
-5.762e-01  
-7.819e-01  
-9.743e-01  
-8.071e-01  
-8.330e-01  
-5.166e-01  
-6.522e-01  
-4.408e-01  
-6.292e-01  
-8.326e-01  
-3.948e-01  
-9.200e-01  
-5.876e-01  
-6.497e-01  
-9.590e-01  
-6.584e-01  
-5.047e-01  
-6.353e-01  
-4.141e-01  
-9.134e-01  
-6.240e-01  
-8.645e-01  
-5.626e-01  
-8.911e-01  
-5.600e-02  
-6.429e-01  
-9.663e-01  
-3.522e-01  
-4.410e-01  
-5.041e-01  
-9.485e-01  
-1.247e-01  
-4.885e-01  
-7.486e-01  
-5.259e-01  
-4.296e-01  
-6.065e-01  
-1.572e-01  
-9.962e-01  
-9.004e-01  
7.281e-01  
6.702e-01  
7.065e-01  
9.201e-01  
5.845e-01  
7.198e-01  
5.544e-01  
5.418e-01  
7.422e-01  
8.841e-01  
6.703e-01  
8.544e-01  
9.365e-01  
8.471e-01  
4.826e-01  
8.983e-01  
9.986e-01  
9.810e-01  
7.154e-01  
7.888e-01  
9.691e-01  
7.468e-01  
8.784e-01  
9.375e-01  
5.176e-01  
6.580e-01  
8.595e-01  
8.684e-01  
5.980e-01  
6.697e-01  
6.508e-01  
7.853e-01  
9.791e-01  
6.015e-01  
7.305e-01  
9.190e-01  
9.111e-01  
8.805e-01  
4.546e-01  
8.111e-01  
8.874e-01  
8.250e-01  
7.497e-01  
8.741e-01  
8.360e-01  
6.132e-01  
5.421e-01  
7.726e-01  
6.523e-01  
9.477e-01  
6.746e-01  
8.708e-01  
8.751e-01  
9.121e-01  
7.325e-01  
7.780e-01  
6.482e-01  
9.314e-01  
7.277e-01  
8.046e-01  
8.991e-01  
9.211e-01  
7.450e-01  
7.598e-01  
9.933e-01  
6.284e-01  
5.792e-01  
6.560e-01  
8.673e-01  
8.758e-01  
8.548e-01  
9.970e-01  
8.611e-01  
8.649e-01  
9.043e-01  
8.009e-01  
8.804e-01  
9.584e-01  
9.267e-01  
7.788e-01  
8.057e-01  
9.035e-01  
9.998e-01  
8.131e-01  
5.585e-01  
8.341e-01  
9.554e-01  
9.372e-01  
6.533e-01  
7.457e-01  
4.428e-01  
7.830e-01  
7.228e-01  
7.479e-01  
9.393e-01  
4.464e-01  
8.261e-01  
8.615e-01  
8.590e-01  
9.880e-01  
9.025e-01  
9.390e-01  
9.073e-01  
6.469e-01  
9.247e-01  
8.237e-01  
7.321e-01  
8.759e-01  
9.223e-01  
6.281e-01  
7.447e-01  
7.096e-01  
8.511e-01  
8.459e-01  
8.146e-01  
8.608e-01  
7.980e-01  
9.239e-01  
8.740e-01  
8.440e-01  
9.697e-01  
7.566e-01  
9.571e-01  
6.016e-01  
7.282e-01  
8.563e-01  
9.607e-01  
6.455e-01  
7.603e-01  
6.366e-01  
3.913e-01  
8.979e-01  
6.283e-01  
8.441e-01  
8.168e-01  
6.435e-01  
6.927e-01  
6.594e-01  
7.262e-01  
5.972e-01  
9.633e-01  
8.292e-01  
9.012e-01  
7.781e-01  
7.560e-01  
9.072e-01  
9.212e-01  
8.306e-01  
7.122e-01  
8.920e-01  
8.707e-01  
8.647e-01  
8.017e-01  
9.871e-01  
9.120e-01  
8.678e-01  
8.582e-01  
8.609e-01  
5.406e-01  
7.344e-01  
9.205e-01  
8.008e-01  
7.464e-01  
9.148e-01  
7.939e-01  
8.367e-01  
8.500e-01  
7.799e-01  
9.240e-01  
9.682e-01  
9.223e-01  
6.324e-01  
8.485e-01  
8.070e-01  
8.982e-01  
9.475e-01  
7.683e-01  
8.791e-01  
9.061e-01  
9.677e-01  
8.283e-01  
8.411e-01  
8.614e-01  
8.349e-01  
8.994e-01  
8.822e-01  
7.105e-01  
8.064e-01  
4.728e-01  
4.849e-01  
8.782e-01  
7.380e-01  
7.152e-01  
9.914e-01  
9.377e-01  
3.679e-01  
9.175e-01  
7.238e-01  
8.507e-01  
7.398e-01  
