8.472e-01  
9.217e-01  
7.056e-01  
9.470e-01  
9.775e-01  
5.050e-01  
7.343e-01  
-9.774e-01  
8.781e-01  
6.832e-01  
9.639e-01  
6.994e-01  
8.452e-01  
3.043e-01  
9.468e-01  
6.660e-01  
5.410e-01  
6.928e-01  
8.536e-01  
6.844e-01  
1.956e-01  
7.054e-01  
6.797e-01  
9.102e-01  
8.222e-01  
7.994e-01  
9.843e-01  
9.571e-01  
3.895e-01  
3.179e-01  
9.785e-01  
5.941e-01  
6.231e-02  
9.532e-01  
6.846e-01  
-3.271e-01  
9.799e-01  
9.659e-01  
9.375e-01  
5.715e-01  
7.804e-01  
4.617e-01  
9.013e-01  
7.786e-01  
8.821e-01  
-4.883e-02  
2.764e-01  
7.852e-01  
7.193e-01  
9.946e-01  
9.622e-01  
9.719e-01  
5.739e-01  
1.249e-01  
8.874e-01  
7.911e-01  
8.419e-01  
7.427e-01  
-3.966e-03  
9.592e-01  
8.265e-01  
-2.922e-01  
6.426e-01  
8.673e-01  
8.944e-01  
-9.695e-02  
8.262e-01  
9.263e-01  
1.025e-01  
5.226e-01  
2.008e-01  
9.686e-01  
3.420e-01  
9.908e-01  
7.214e-01  
9.761e-01  
9.662e-01  
4.034e-01  
5.908e-01  
4.552e-01  
4.872e-01  
5.338e-01  
7.393e-01  
5.940e-01  
7.415e-01  
5.973e-01  
1.709e-01  
9.702e-01  
8.427e-01  
7.098e-01  
2.881e-01  
3.927e-01  
8.798e-01  
9.868e-01  
4.637e-01  
6.153e-01  
7.702e-01  
9.792e-01  
9.444e-01  
9.577e-01  
6.600e-01  
8.438e-01  
9.955e-01  
2.038e-01  
8.679e-01  
3.122e-01  
9.924e-01  
4.785e-01  
-1.091e-01  
9.332e-01  
8.100e-01  
4.798e-01  
6.829e-01  
7.773e-01  
8.934e-01  
8.516e-01  
9.949e-01  
4.840e-01  
9.263e-01  
2.391e-01  
9.085e-01  
9.823e-01  
-6.615e-02  
-3.513e-01  
9.952e-01  
8.362e-01  
9.730e-01  
5.134e-01  
6.522e-01  
7.493e-01  
9.973e-01  
1.101e-01  
6.590e-01  
4.627e-01  
9.806e-01  
8.935e-01  
8.554e-01  
9.994e-01  
9.671e-01  
2.705e-01  
8.482e-01  
9.171e-01  
6.668e-01  
9.692e-01  
3.501e-01  
5.930e-01  
8.857e-01  
-6.975e-02  
9.765e-01  
7.919e-01  
8.314e-01  
7.767e-01  
5.724e-01  
2.598e-03  
7.088e-01  
2.684e-01  
5.571e-01  
9.519e-01  
7.603e-01  
9.850e-01  
6.783e-01  
6.131e-01  
9.369e-01  
9.972e-01  
9.989e-01  
3.372e-01  
9.730e-01  
9.794e-01  
7.938e-01  
3.246e-01  
8.146e-01  
9.246e-01  
9.644e-01  
9.792e-01  
7.120e-01  
4.790e-01  
8.095e-01  
9.052e-01  
4.625e-01  
9.800e-01  
8.660e-01  
1.894e-01  
8.794e-01  
6.992e-01  
8.308e-01  
4.824e-01  
9.916e-01  
9.385e-01  
7.147e-01  
9.981e-01  
5.725e-01  
3.806e-01  
-4.313e-01  
9.280e-01  
2.626e-01  
4.223e-01  
6.245e-01  
8.725e-01  
9.607e-01  
7.293e-01  
