-4.498e-01  
-3.493e-01  
-4.371e-01  
-1.060e-02  
-7.499e-01  
1.141e-01  
-7.009e-01  
-1.424e-01  
-1.088e-01  
-4.521e-01  
-8.764e-01  
-5.635e-01  
-4.498e-01  
-6.802e-01  
-1.095e-01  
-3.816e-01  
-5.953e-01  
-6.998e-01  
9.290e-01  
-5.680e-01  
-8.931e-01  
2.840e-01  
-4.470e-01  
-7.985e-01  
-4.849e-01  
-7.451e-01  
5.998e-01  
-3.343e-01  
-2.840e-01  
-6.856e-01  
-1.318e-01  
2.909e-01  
-3.947e-03  
-9.980e-01  
-9.151e-02  
6.383e-01  
-2.219e-01  
5.545e-02  
-5.555e-01  
2.966e-02  
-2.979e-01  
-4.815e-01  
9.884e-03  
-1.798e-01  
-1.132e-01  
-9.655e-01  
8.268e-01  
-5.404e-01  
-5.993e-01  
-6.822e-01  
-7.291e-01  
-9.883e-01  
-9.906e-01  
-6.130e-01  
5.487e-01  
-2.570e-01  
-7.037e-01  
-8.708e-01  
-7.871e-01  
5.970e-01  
4.029e-01  
-8.160e-01  
-4.894e-01  
-6.713e-01  
2.478e-01  
-5.050e-01  
-2.735e-01  
-9.297e-01  
-5.489e-01  
-9.069e-01  
1.466e-01  
-3.793e-01  
-9.700e-02  
-1.011e-01  
-2.767e-01  
-2.535e-01  
6.866e-01  
8.047e-02  
-6.890e-01  
5.150e-02  
-8.612e-01  
-1.164e-01  
-6.933e-01  
-9.744e-01  
-1.450e-01  
-3.469e-01  
-4.251e-01  
9.514e-01  
-5.507e-02  
-6.967e-01  
-4.716e-01  
-5.973e-01  
9.259e-01  
-6.825e-01  
-5.161e-01  
-4.111e-01  
-4.478e-01  
-2.991e-01  
1.186e-01  
-1.173e-01  
-7.133e-01  
-3.219e-02  
-4.853e-01  
2.582e-01  
-1.269e-01  
-9.369e-01  
-3.662e-01  
-2.331e-01  
-9.372e-01  
4.974e-01  
4.682e-01  
-8.335e-01  
-6.305e-01  
-5.990e-01  
-5.135e-01  
1.573e-01  
-7.203e-01  
6.273e-01  
-9.782e-02  
-6.943e-01  
-8.553e-01  
-6.769e-01  
5.813e-01  
-3.486e-01  
-5.764e-01  
-9.569e-02  
-2.720e-01  
-2.839e-01  
-7.740e-02  
-3.400e-01  
3.543e-01  
2.894e-01  
-2.194e-01  
-8.096e-01  
-8.797e-01  
-4.131e-01  
-5.008e-01  
-8.612e-01  
6.879e-01  
3.016e-01  
-3.408e-01  
-9.372e-01  
6.305e-01  
-2.510e-01  
-5.506e-01  
2.286e-01  
1.499e-01  
-4.120e-01  
-6.516e-01  
-1.982e-01  
-1.915e-02  
-5.511e-01  
-2.673e-01  
-1.689e-01  
-9.379e-01  
9.835e-01  
-7.083e-01  
-2.211e-01  
-6.108e-01  
-9.970e-01  
-9.931e-01  
-9.577e-01  
-1.883e-01  
-2.881e-01  
-6.159e-01  
-2.278e-01  
-5.840e-01  
1.284e-01  
-2.559e-01  
-5.316e-01  
4.560e-01  
-9.504e-01  
-4.465e-01  
4.540e-01  
9.942e-01  
-7.161e-01  
-1.278e-01  
-4.379e-01  
3.167e-01  
-6.083e-02  
-2.313e-01  
-6.226e-01  
-9.054e-01  
-9.843e-01  
-9.145e-01  
4.331e-01  
-7.863e-01  
-2.166e-01  
-8.072e-01  
-5.093e-01  
9.675e-01  
-2.976e-01  
5.086e-01  
-4.185e-01  
-3.348e-01  
3.478e-02  
2.641e-02  
3.897e-02  
-3.201e-01  
1.863e-02  
9.942e-01  
9.181e-01  
9.870e-01  
8.359e-01  
9.870e-01  
9.982e-01  
9.945e-01  
9.741e-01  
9.512e-01  
9.651e-01  
9.740e-01  
9.418e-01  
9.996e-01  
9.855e-01  
9.880e-01  
8.116e-01  
9.497e-01  
9.700e-01  
9.712e-01  
8.684e-01  
9.574e-01  
9.870e-01  
8.830e-01  
9.310e-01  
9.999e-01  
9.758e-01  
9.852e-01  
8.724e-01  
8.545e-01  
9.945e-01  
7.765e-01  
8.713e-01  
9.103e-01  
9.785e-01  
9.779e-01  
8.542e-01  
8.617e-01  
9.390e-01  
9.745e-01  
9.991e-01  
9.969e-01  
9.835e-01  
9.842e-01  
9.776e-01  
9.853e-01  
9.805e-01  
9.987e-01  
9.840e-01  
9.964e-01  
9.966e-01  
9.945e-01  
8.894e-01  
9.866e-01  
9.829e-01  
9.636e-01  
9.822e-01  
5.517e-01  
9.881e-01  
9.437e-01  
9.842e-01  
9.672e-01  
9.313e-01  
9.999e-01  
9.973e-01  
9.610e-01  
8.017e-01  
9.938e-01  
9.565e-01  
4.341e-01  
8.820e-01  
9.609e-01  
9.640e-01  
9.269e-01  
8.528e-01  
9.998e-01  
7.416e-01  
9.210e-01  
7.640e-01  
9.947e-01  
9.532e-01  
7.748e-01  
8.462e-01  
9.431e-01  
9.639e-01  
9.256e-01  
9.961e-01  
9.285e-01  
9.943e-01  
8.867e-01  
9.923e-01  
9.984e-01  
9.615e-01  
9.604e-01  
9.811e-01  
9.970e-01  
9.146e-01  
9.937e-01  
6.919e-01  
9.123e-01  
9.238e-01  
9.308e-01  
7.922e-01  
9.948e-01  
8.151e-01  
9.446e-01  
9.996e-01  
8.483e-01  
9.630e-01  
9.731e-01  
9.398e-01  
9.634e-01  
1.000e+00  
8.434e-01  
9.590e-01  
7.104e-01  
8.030e-01  
9.738e-01  
9.998e-01  
8.316e-01  
9.359e-01  
9.898e-01  
9.969e-01  
9.460e-01  
9.960e-01  
8.601e-01  
7.457e-01  
8.352e-01  
9.015e-01  
9.672e-01  
9.216e-01  
9.981e-01  
8.682e-01  
9.025e-01  
9.685e-01  
7.029e-01  
8.856e-01  
9.995e-01  
9.587e-01  
8.950e-01  
9.971e-01  
8.999e-01  
9.085e-01  
9.999e-01  
9.535e-01  
9.985e-01  
9.814e-01  
9.887e-01  
9.757e-01  
8.351e-01  
9.935e-01  
9.997e-01  
8.768e-01  
8.258e-01  
9.949e-01  
9.856e-01  
9.778e-01  
9.070e-01  
8.803e-01  
9.906e-01  
8.715e-01  
9.515e-01  
9.989e-01  
8.436e-01  
9.304e-01  
9.198e-01  
9.946e-01  
9.832e-01  
6.491e-01  
9.154e-01  
9.973e-01  
7.706e-01  
9.813e-01  
7.526e-01  
9.596e-01  
7.420e-01  
9.992e-01  
8.993e-01  
8.996e-01  
9.988e-01  
9.555e-01  
9.692e-01  
9.862e-01  
9.710e-01  
9.238e-01  
9.945e-01  
9.689e-01  
9.934e-01  
9.398e-01  
9.925e-01  
9.552e-01  
9.111e-01  
9.942e-01  
9.802e-01  
9.934e-01  
9.949e-01  
8.619e-01  
9.710e-01  
6.445e-01  
8.653e-01  
7.412e-01  
