7.047e-01  
7.605e-01  
2.184e-01  
4.263e-01  
9.937e-01  
8.483e-01  
7.557e-01  
5.063e-01  
9.766e-01  
4.629e-01  
8.623e-01  
9.123e-01  
9.184e-01  
8.001e-01  
4.263e-01  
5.169e-01  
3.575e-01  
9.064e-01  
9.742e-01  
5.962e-03  
9.039e-01  
7.204e-01  
1.373e-01  
8.935e-01  
3.171e-01  
4.775e-01  
8.531e-01  
8.819e-01  
6.684e-01  
9.354e-01  
7.254e-01  
4.105e-01  
4.778e-01  
4.568e-01  
8.188e-01  
6.801e-01  
3.908e-01  
9.953e-01  
6.451e-01  
3.621e-01  
2.864e-01  
9.895e-01  
5.033e-01  
9.991e-01  
6.079e-01  
9.314e-01  
8.221e-01  
9.778e-01  
9.989e-01  
6.344e-01  
4.152e-01  
1.506e-01  
8.722e-01  
7.429e-01  
9.163e-01  
-7.543e-03  
7.106e-01  
3.958e-01  
7.014e-01  
4.366e-01  
9.628e-01  
2.196e-01  
8.654e-01  
9.975e-01  
9.247e-01  
9.771e-01  
7.818e-01  
8.623e-01  
6.120e-01  
8.811e-01  
9.924e-01  
9.313e-01  
9.006e-01  
9.976e-01  
9.838e-01  
6.169e-01  
7.778e-01  
3.886e-01  
9.941e-01  
8.614e-01  
6.167e-01  
5.626e-01  
3.134e-01  
1.724e-01  
9.605e-01  
6.839e-01  
5.625e-01  
8.783e-01  
9.858e-01  
7.892e-01  
8.282e-01  
5.544e-01  
9.981e-01  
8.788e-01  
8.236e-01  
-9.338e-01  
6.661e-01  
9.866e-01  
6.832e-01  
8.981e-01  
4.895e-01  
7.312e-02  
3.908e-01  
9.105e-01  
4.577e-01  
9.559e-01  
7.253e-01  
9.270e-01  
9.997e-01  
9.861e-01  
9.142e-01  
4.175e-01  
5.740e-01  
3.282e-01  
6.498e-01  
7.803e-01  
5.915e-01  
6.264e-01  
6.632e-01  
-5.083e-02  
6.392e-01  
9.699e-01  
4.300e-01  
6.415e-01  
9.941e-01  
4.021e-01  
4.504e-01  
4.606e-02  
6.214e-01  
9.761e-01  
9.795e-01  
7.551e-01  
6.713e-01  
7.218e-01  
9.925e-01  
7.807e-01  
9.900e-01  
6.584e-01  
2.864e-01  
4.620e-01  
9.384e-01  
1.885e-01  
2.557e-01  
7.449e-01  
4.490e-01  
5.775e-01  
7.981e-01  
9.784e-01  
9.650e-01  
9.829e-01  
5.434e-01  
9.768e-01  
8.154e-01  
9.554e-01  
8.725e-01  
4.792e-01  
1.000e+00  
9.222e-01  
9.799e-01  
9.473e-01  
4.116e-01  
-1.812e-01  
9.464e-01  
9.962e-02  
6.974e-01  
9.958e-01  
-4.802e-01  
3.094e-01  
4.641e-01  
6.655e-01  
8.949e-01  
4.289e-01  
7.266e-01  
5.224e-01  
9.846e-01  
2.417e-01  
9.862e-01  
4.266e-01  
5.181e-01  
9.910e-01  
-2.356e-01  
9.741e-01  
4.984e-01  
9.191e-01  
9.945e-01  
7.098e-01  
7.433e-01  
6.894e-01  
1.197e-01  
9.734e-01  
9.894e-01  
5.486e-01  
3.980e-02  
6.406e-01  
9.683e-01  
8.248e-01  
9.680e-01  
9.976e-01  
9.923e-01  
9.944e-01  
