-6.663e-01  
-7.889e-02  
-3.565e-01  
-4.551e-01  
-1.430e-01  
-5.028e-01  
-2.628e-02  
-7.355e-01  
-4.858e-01  
1.066e-01  
-4.423e-01  
-2.864e-01  
-2.818e-01  
-1.333e-01  
-8.281e-01  
3.147e-01  
-2.439e-01  
-2.299e-01  
2.910e-01  
-4.455e-01  
4.352e-01  
-7.273e-01  
-1.628e-01  
-2.504e-01  
-7.558e-01  
-4.814e-01  
-2.931e-01  
-6.537e-01  
-3.026e-01  
2.614e-01  
-2.777e-01  
-5.930e-01  
-7.734e-01  
-2.186e-01  
-5.414e-01  
-2.595e-01  
-7.218e-01  
-6.758e-01  
2.418e-01  
-5.065e-01  
-7.204e-01  
-3.413e-01  
-4.985e-01  
1.274e-01  
2.288e-02  
-2.561e-01  
2.229e-01  
-1.463e-01  
-7.771e-01  
-2.029e-01  
5.651e-02  
-5.719e-01  
-1.898e-01  
3.595e-01  
-1.177e-01  
-6.496e-01  
-7.963e-01  
-1.755e-01  
-1.632e-02  
-6.996e-01  
-4.098e-01  
-3.339e-01  
-1.442e-01  
-2.636e-01  
-6.189e-01  
-3.709e-01  
-7.476e-01  
-3.771e-01  
-5.398e-01  
-3.651e-01  
-3.277e-01  
-6.587e-01  
-7.352e-01  
1.949e-01  
-4.769e-01  
-3.925e-01  
3.303e-02  
-8.267e-01  
1.278e-01  
-2.075e-01  
-8.547e-02  
-7.420e-02  
8.481e-02  
-6.728e-01  
-2.045e-01  
-3.615e-01  
-5.524e-01  
-4.710e-01  
-8.150e-01  
-1.108e-01  
-6.907e-01  
-5.220e-01  
-2.827e-01  
-1.436e-02  
-5.751e-01  
-3.497e-01  
-1.481e-01  
-3.773e-01  
-1.736e-01  
5.697e-02  
-8.450e-01  
-5.190e-02  
-1.655e-01  
-4.170e-02  
1.340e-01  
-2.471e-01  
-7.638e-01  
2.899e-04  
-9.934e-01  
-5.384e-01  
-7.865e-01  
1.481e-01  
-2.229e-01  
-4.743e-01  
-5.810e-01  
-8.622e-01  
-4.624e-01  
-5.020e-01  
-1.154e-01  
-6.414e-01  
-6.057e-01  
-4.926e-01  
5.275e-01  
-2.022e-02  
-8.907e-01  
-6.571e-01  
-7.845e-01  
-8.684e-01  
-1.682e-01  
2.232e-02  
-1.609e-01  
-6.816e-01  
-5.504e-01  
-1.081e-01  
-6.845e-01  
-3.059e-01  
-7.716e-01  
-4.234e-01  
1.649e-01  
-3.816e-01  
4.157e-02  
-3.262e-01  
-5.310e-01  
1.603e-01  
3.506e-01  
-6.008e-01  
-4.530e-01  
-6.088e-03  
-3.997e-01  
-2.458e-01  
-8.329e-01  
-3.383e-01  
3.595e-01  
-4.384e-01  
-4.173e-01  
-9.369e-01  
-6.618e-01  
-1.398e-01  
-1.763e-01  
-5.202e-01  
-4.378e-01  
-5.713e-02  
-7.196e-01  
-6.498e-01  
-1.492e-01  
-7.088e-01  
3.784e-01  
-2.463e-01  
-3.293e-01  
-2.931e-02  
-1.772e-01  
3.065e-01  
-3.244e-02  
-4.248e-02  
-4.858e-01  
-5.382e-01  
-4.979e-01  
-5.523e-01  
-2.788e-01  
-2.866e-01  
5.821e-02  
-1.451e-01  
-1.196e-01  
-3.813e-01  
-9.726e-01  
-3.390e-01  
-3.261e-01  
-7.839e-02  
-1.496e-01  
-4.901e-01  
-7.650e-01  
-8.751e-01  
-8.688e-01  
5.995e-02  
-6.630e-01  
-5.178e-01  
-5.301e-01  
-3.714e-01  
-3.704e-01  
1.002e-02  
