9.974e-01  
9.620e-01  
5.651e-01  
9.982e-01  
2.233e-01  
9.409e-01  
4.868e-01  
6.182e-01  
9.949e-01  
3.839e-01  
9.852e-01  
7.962e-01  
4.567e-01  
9.195e-01  
9.510e-01  
7.177e-01  
9.629e-01  
9.841e-01  
9.676e-01  
9.661e-01  
9.751e-01  
7.278e-01  
8.953e-01  
8.076e-01  
9.101e-01  
7.813e-01  
6.506e-01  
9.734e-01  
9.998e-01  
8.554e-01  
9.458e-02  
3.389e-01  
9.286e-01  
9.109e-01  
9.903e-01  
1.000e+00  
9.779e-01  
9.987e-01  
7.390e-01  
8.754e-01  
9.899e-01  
7.832e-01  
8.029e-01  
9.715e-01  
9.114e-01  
5.689e-01  
9.363e-01  
9.470e-01  
9.897e-01  
7.682e-01  
9.952e-01  
3.082e-01  
9.992e-01  
4.423e-01  
9.159e-01  
4.130e-01  
1.652e-01  
9.827e-01  
7.453e-01  
9.045e-01  
9.995e-01  
9.481e-01  
8.046e-01  
9.983e-01  
5.815e-01  
6.432e-01  
9.362e-01  
7.785e-01  
9.914e-01  
4.911e-01  
9.681e-01  
9.081e-01  
5.272e-01  
9.094e-01  
9.974e-01  
8.222e-01  
3.629e-01  
9.781e-01  
9.983e-01  
9.923e-01  
9.998e-01  
9.902e-01  
9.428e-01  
3.085e-01  
9.981e-01  
9.231e-01  
8.662e-01  
5.621e-01  
9.911e-01  
7.931e-01  
8.872e-01  
-8.193e-02  
9.987e-01  
9.350e-01  
9.966e-01  
7.724e-01  
-2.844e-01  
7.563e-01  
7.855e-01  
9.902e-01  
2.707e-01  
8.172e-01  
9.950e-01  
7.830e-01  
8.076e-01  
7.426e-01  
9.701e-01  
8.354e-01  
7.042e-01  
9.003e-01  
8.347e-01  
-5.329e-01  
8.543e-01  
3.758e-02  
9.624e-01  
-1.380e-01  
9.456e-01  
4.716e-02  
9.553e-01  
1.000e+00  
9.466e-01  
9.094e-01  
9.413e-01  
9.093e-01  
9.998e-01  
7.123e-01  
9.994e-01  
9.838e-01  
7.080e-01  
4.180e-01  
3.115e-02  
9.707e-01  
7.521e-01  
7.481e-01  
4.232e-01  
5.397e-01  
7.306e-01  
8.816e-01  
9.610e-01  
-5.265e-01  
9.995e-01  
8.526e-01  
9.063e-01  
3.970e-01  
9.949e-01  
9.982e-01  
9.432e-01  
9.908e-01  
9.881e-01  
9.872e-01  
9.263e-01  
6.368e-01  
7.542e-01  
9.995e-01  
9.287e-01  
7.481e-01  
9.748e-01  
5.929e-01  
6.774e-01  
6.688e-01  
5.344e-01  
7.555e-01  
7.995e-01  
8.835e-01  
7.281e-01  
9.918e-01  
-4.520e-02  
4.527e-01  
9.707e-01  
1.867e-01  
9.993e-01  
9.714e-01  
5.417e-01  
7.907e-01  
7.572e-01  
5.432e-01  
8.540e-01  
5.582e-01  
7.855e-01  
9.590e-01  
9.417e-01  
7.066e-01  
9.970e-01  
9.101e-01  
6.268e-01  
8.975e-01  
9.754e-01  
9.866e-01  
9.945e-01  
9.692e-01  
8.995e-01  
8.809e-01  
9.480e-01  
9.809e-01  
9.617e-01  
5.198e-01  
9.825e-01  
5.637e-01  
6.875e-01  
9.911e-01  
