4.389e-01  
6.567e-01  
2.256e-01  
7.838e-01  
2.235e-01  
-3.684e-01  
9.337e-02  
2.520e-02  
7.216e-02  
-2.679e-01  
2.930e-02  
1.303e-01  
-1.069e-01  
3.286e-01  
3.981e-01  
1.816e-01  
1.961e-01  
4.045e-01  
-3.923e-01  
3.546e-01  
5.199e-02  
-6.119e-01  
2.772e-01  
4.054e-01  
-5.300e-01  
4.136e-01  
-1.167e-01  
3.143e-01  
-3.877e-01  
-2.458e-01  
2.507e-01  
-6.090e-01  
1.510e-01  
7.362e-01  
6.948e-01  
6.971e-01  
-3.629e-01  
-2.578e-01  
8.545e-01  
7.722e-02  
3.633e-01  
-2.312e-01  
2.826e-01  
1.506e-01  
-7.856e-02  
-1.598e-02  
-3.104e-01  
-2.731e-01  
-6.132e-01  
3.739e-01  
4.590e-01  
-5.761e-01  
4.759e-01  
4.275e-01  
1.218e-01  
5.415e-01  
8.198e-02  
4.740e-02  
4.075e-02  
1.228e-01  
-4.357e-01  
2.647e-01  
-2.933e-01  
9.814e-02  
2.868e-01  
1.881e-01  
-5.795e-02  
6.116e-01  
-2.447e-01  
4.979e-01  
-6.411e-02  
-3.849e-01  
-1.526e-01  
7.844e-01  
3.380e-01  
4.970e-02  
2.938e-01  
3.365e-01  
9.181e-02  
-4.176e-01  
-4.856e-02  
3.852e-01  
1.977e-01  
-1.609e-01  
2.984e-01  
4.460e-02  
1.060e-01  
8.380e-01  
1.974e-01  
2.261e-01  
4.891e-01  
2.718e-01  
3.249e-01  
1.165e-01  
-2.038e-02  
-2.023e-02  
7.409e-01  
-5.435e-01  
5.574e-01  
1.361e-01  
-6.423e-01  
4.339e-01  
3.721e-01  
-2.235e-01  
2.166e-01  
3.548e-01  
-3.141e-01  
1.853e-01  
4.417e-01  
1.830e-01  
-6.303e-02  
4.897e-01  
-2.924e-01  
-3.593e-01  
-2.924e-03  
9.670e-02  
1.863e-01  
-1.127e-01  
8.332e-02  
4.614e-01  
1.378e-02  
1.488e-01  
2.712e-02  
7.505e-01  
4.270e-01  
3.570e-01  
7.844e-01  
5.299e-01  
-2.669e-01  
6.739e-01  
2.423e-01  
7.781e-01  
1.838e-01  
4.678e-01  
7.755e-01  
-2.799e-01  
1.337e-01  
1.010e-01  
4.848e-01  
-1.533e-01  
-3.893e-02  
-2.849e-01  
3.759e-01  
-1.883e-01  
-9.387e-02  
4.388e-02  
3.318e-01  
-3.688e-01  
2.796e-01  
3.841e-01  
-4.164e-01  
2.780e-01  
-7.931e-03  
7.461e-01  
3.264e-01  
-1.055e-01  
4.612e-02  
-2.438e-01  
-7.032e-01  
3.280e-01  
-5.774e-01  
-3.176e-01  
1.679e-02  
-1.955e-01  
3.442e-01  
-1.016e-01  
-4.465e-01  
2.491e-01  
8.223e-01  
-1.767e-01  
4.424e-01  
-3.438e-01  
2.320e-01  
-1.117e-02  
5.868e-01  
-2.602e-02  
1.664e-01  
-7.215e-01  
6.008e-01  
-2.659e-01  
6.882e-01  
-4.738e-01  
-3.968e-01  
-1.241e-01  
5.099e-02  
2.531e-01  
-4.134e-03  
-7.637e-01  
-2.908e-01  
9.149e-01  
-7.637e-02  
-4.089e-01  
-6.159e-02  
-1.601e-01  
-5.017e-02  
6.962e-01  
8.553e-01  
2.991e-01  
-5.623e-01  
-1.342e-01  
