7.344e-01  
7.757e-01  
2.446e-01  
4.723e-01  
9.963e-01  
8.683e-01  
7.816e-01  
5.289e-01  
9.807e-01  
5.324e-01  
8.754e-01  
9.240e-01  
9.274e-01  
8.118e-01  
4.598e-01  
5.372e-01  
3.744e-01  
9.149e-01  
9.811e-01  
1.810e-02  
9.133e-01  
7.443e-01  
1.571e-01  
9.043e-01  
3.410e-01  
4.982e-01  
8.691e-01  
9.144e-01  
6.917e-01  
9.443e-01  
7.474e-01  
4.495e-01  
4.994e-01  
4.795e-01  
8.331e-01  
6.901e-01  
4.336e-01  
9.988e-01  
6.645e-01  
3.754e-01  
3.056e-01  
9.945e-01  
5.246e-01  
9.999e-01  
6.268e-01  
9.495e-01  
8.327e-01  
9.837e-01  
9.995e-01  
6.493e-01  
4.330e-01  
1.697e-01  
8.893e-01  
7.619e-01  
9.262e-01  
1.661e-02  
7.295e-01  
4.231e-01  
7.289e-01  
4.544e-01  
9.693e-01  
2.625e-01  
8.905e-01  
9.948e-01  
9.308e-01  
9.733e-01  
7.951e-01  
8.717e-01  
6.301e-01  
8.896e-01  
9.951e-01  
9.397e-01  
9.101e-01  
9.991e-01  
9.869e-01  
6.410e-01  
7.898e-01  
4.155e-01  
9.970e-01  
8.692e-01  
6.328e-01  
5.849e-01  
3.298e-01  
2.029e-01  
9.663e-01  
7.161e-01  
5.816e-01  
8.870e-01  
9.887e-01  
8.134e-01  
8.414e-01  
5.665e-01  
9.956e-01  
8.930e-01  
8.405e-01  
-1.423e-01  
6.872e-01  
9.921e-01  
7.124e-01  
9.059e-01  
5.280e-01  
9.273e-02  
4.214e-01  
9.220e-01  
4.794e-01  
9.646e-01  
7.442e-01  
9.368e-01  
1.000e+00  
9.893e-01  
9.223e-01  
4.396e-01  
6.005e-01  
3.469e-01  
6.760e-01  
7.943e-01  
6.133e-01  
6.423e-01  
6.835e-01  
-1.926e-02  
6.562e-01  
9.743e-01  
4.593e-01  
6.613e-01  
9.964e-01  
4.202e-01  
4.652e-01  
8.195e-02  
6.393e-01  
9.803e-01  
9.844e-01  
7.893e-01  
6.947e-01  
7.614e-01  
9.879e-01  
7.978e-01  
9.927e-01  
6.857e-01  
3.041e-01  
4.854e-01  
9.518e-01  
2.124e-01  
3.016e-01  
7.587e-01  
4.748e-01  
5.992e-01  
8.241e-01  
9.810e-01  
9.695e-01  
9.935e-01  
5.674e-01  
9.717e-01  
8.275e-01  
9.630e-01  
8.911e-01  
5.100e-01  
9.996e-01  
9.365e-01  
9.831e-01  
9.611e-01  
4.538e-01  
-1.553e-01  
9.534e-01  
1.295e-01  
7.102e-01  
9.978e-01  
-4.630e-01  
3.296e-01  
4.940e-01  
7.018e-01  
9.046e-01  
4.585e-01  
7.488e-01  
5.372e-01  
9.895e-01  
2.652e-01  
9.911e-01  
4.496e-01  
5.467e-01  
9.947e-01  
-2.135e-01  
9.766e-01  
5.185e-01  
9.295e-01  
9.958e-01  
7.289e-01  
7.588e-01  
7.061e-01  
1.432e-01  
9.781e-01  
9.926e-01  
5.850e-01  
6.404e-02  
6.613e-01  
9.766e-01  
8.403e-01  
9.726e-01  
9.999e-01  
9.967e-01  
9.929e-01  
5.493e-01  
6.710e-01  
2.913e-01  
3.322e-01  
6.516e-01  
3.762e-01  
1.217e-01  
9.048e-02  
3.037e-01  
4.098e-01  
-4.170e-02  
2.690e-01  
5.213e-01  
1.954e-01  
-2.888e-02  
3.262e-03  
2.008e-01  
1.852e-01  
9.500e-02  
3.676e-01  
1.960e-01  
4.281e-01  
-7.726e-02  
-3.748e-01  
2.302e-01  
7.413e-02  
6.135e-02  
-5.798e-01  
1.339e-01  
3.114e-01  
-1.411e-02  
1.602e-01  
3.336e-01  
3.305e-01  
-8.014e-02  
3.427e-01  
6.200e-02  
5.782e-01  
1.831e-01  
3.413e-01  
5.759e-01  
4.361e-01  
7.619e-01  
5.084e-01  
3.653e-01  
5.667e-01  
5.536e-01  
2.467e-01  
2.928e-01  
3.059e-01  
4.277e-02  
1.122e-01  
7.107e-01  
-1.153e-01  
1.519e-01  
2.547e-01  
7.706e-04  
-1.924e-01  
3.831e-01  
-7.304e-04  
2.036e-01  
3.353e-01  
4.977e-01  
1.231e-01  
4.289e-01  
-3.169e-01  
2.099e-01  
2.480e-01  
4.310e-01  
-8.086e-02  
-2.105e-01  
2.650e-01  
-1.655e-01  
4.183e-01  
1.682e-01  
2.848e-01  
2.600e-03  
2.504e-01  
2.941e-02  
-2.522e-01  
1.809e-01  
1.776e-01  
9.687e-02  
-2.255e-01  
2.766e-01  
3.957e-01  
2.697e-01  
2.590e-01  
4.608e-02  
-2.115e-01  
3.302e-01  
-5.930e-02  
3.003e-01  
2.066e-01  
-1.614e-01  
3.296e-01  
6.201e-02  
-6.623e-03  
5.370e-02  
7.214e-02  
2.074e-01  
4.178e-01  
3.172e-01  
-7.842e-02  
3.297e-01  
1.493e-01  
3.353e-01  
3.050e-01  
-1.169e-01  
2.986e-01  
2.003e-01  
4.334e-01  
1.952e-01  
5.812e-01  
2.436e-01  
-4.974e-02  
-3.165e-01  
3.024e-01  
2.441e-01  
1.510e-01  
1.651e-01  
-4.151e-03  
2.794e-01  
-1.950e-01  
2.408e-01  
8.286e-02  
-1.312e-01  
1.645e-01  
1.720e-01  
1.169e-02  
1.351e-02  
3.858e-01  
-6.051e-03  
-7.478e-02  
-2.044e-01  
5.076e-01  
2.620e-01  
2.355e-01  
-7.099e-03  
-1.292e-01  
1.049e-01  
1.893e-01  
2.326e-01  
3.108e-03  
1.683e-01  
-1.133e-01  
1.684e-01  
6.391e-01  
4.675e-01  
-1.212e-01  
-1.570e-01  
5.157e-01  
3.172e-01  
-7.468e-02  
-7.714e-02  
4.101e-01  
6.305e-02  
2.075e-01  
1.417e-01  
2.296e-01  
-2.059e-02  
2.005e-01  
1.949e-01  
4.108e-01  
6.519e-02  
7.108e-02  
1.659e-01  
1.465e-02  
3.951e-01  
7.782e-02  
1.941e-01  
1.170e-01  
1.125e-01  
-8.730e-02  
3.331e-01  
-1.480e-01  
4.544e-01  
3.593e-02  
5.156e-02  
5.017e-01  
-1.234e-02  
9.386e-03  
3.419e-01  
1.470e-01  
1.997e-01  
-1.260e-01  
2.983e-01  
2.628e-01  
6.550e-03  
5.999e-01  
4.757e-01  
5.054e-02  
1.090e-01  
-9.152e-02  
-1.153e-01  
2.060e-01  
1.842e-01  
-6.917e-02  
-6.672e-02  
-9.556e-02  
